"ID_REF"	"GSM6508745"	"GSM6508746"	"GSM6508747"	"GSM6508748"	"GSM6508749"	"GSM6508750"	"GSM6508751"	"GSM6508752"	"GSM6508753"	"GSM6508754"	"GSM6508755"	"GSM6508756"	"GSM6508757"	"GSM6508758"	"GSM6508759"	"GSM6508760"	"GSM6508761"	"GSM6508762"	"GSM6508763"	"GSM6508764"	"GSM6508765"	"GSM6508766"	"GSM6508767"	"GSM6508768"	"GSM6508769"	"GSM6508770"	"GSM6508771"	"GSM6508772"	"GSM6508773"	"GSM6508774"	"GSM6508775"	"GSM6508776"	"GSM6508777"	"GSM6508778"	"GSM6508779"	"GSM6508780"	"GSM6508781"	"GSM6508782"	"GSM6508783"	"GSM6508784"	"GSM6508785"	"GSM6508786"	"GSM6508787"	"GSM6508788"	"GSM6508789"	"GSM6508790"	"GSM6508791"	"GSM6508792"	"GSM6508793"	"GSM6508794"	"GSM6508795"	"GSM6508796"	"GSM6508797"	"GSM6508798"	"GSM6508799"	"GSM6508800"	"GSM6508801"	"GSM6508802"	"GSM6508803"	"GSM6508804"	"GSM6508805"	"GSM6508806"	"GSM6508807"	"GSM6508808"	"GSM6508809"	"GSM6508810"	"GSM6508811"	"GSM6508812"	"GSM6508813"	"GSM6508814"	"GSM6508815"	"GSM6508816"	"GSM6508817"	"GSM6508818"	"GSM6508819"	"GSM6508820"	"GSM6508821"	"GSM6508822"	"GSM6508823"	"GSM6508824"	"GSM6508825"	"GSM6508826"	"GSM6508827"	"GSM6508828"	"GSM6508829"	"GSM6508830"	"GSM6508831"	"GSM6508832"	"GSM6508833"	"GSM6508834"	"GSM6508835"	"GSM6508836"	"GSM6508837"	"GSM6508838"	"GSM6508839"	"GSM6508840"	"GSM6508841"	"GSM6508842"	"GSM6508843"	"GSM6508844"	"GSM6508845"	"GSM6508846"	"GSM6508847"
"ABCC5"	7.9	8.6	7.6	7.4	6.2	6.7	6.5	7.6	6.1	6.3	6.3	8.2	6.9	4.8	6.2	8.4	6.2	7.6	8.4	6.9	7.6	6.4	3.7	2.3	7.2	5.2	5.7	4.8	4.7	8.5	6.2	4.9	7.7	5	5.3	7.9	6.7	6.7	8.5	4.6	6.3	8.1	7.5	5.7	9.4	7.6	7.2	9.1	7.1	8.5	8.8	7.4	8.6	6.7	9.1	7.7	4.9	8	6.4	3.3	7.2	6.2	6.8	5.1	8.6	7.6	6.3	5.9	7.9	6.4	8	8.1	10.1	8.1	5.7	7.2	5.7	8.1	6.3	6.7	7.2	7.4	6.6	8.3	8.6	7.1	6.2	7	11.1	8	7.7	7.6	8.6	7.7	10.7	3.6	9.1	8.6	9.2	6.8	7.6	9.9	5.7
"ACSL5"	7.8	5.4	6.8	5.5	5.2	5.9	5.1	8.3	5.8	3.8	5.8	6.9	4.4	4	7.7	7.1	6.1	6.6	6.8	6.3	2	4.7	2.6	4.9	3.8	5.1	3.6	5.4	6.1	5	7.1	4.2	3.7	5.5	6.2	6.9	6.9	6.5	5.2	4.5	5.5	6.8	3.7	5	7.6	4.3	7	3	6	6.1	7.6	7	7.2	7.3	6	4.2	4.5	3.9	7.2	3.2	7.3	6.7	6.2	4.2	4.9	4.6	5.6	5.2	6.8	7.4	4.6	7.1	4.9	5.8	6.1	5.8	7.7	5.9	6.4	7.1	6	5	6.1	4.6	6	6.8	6	6	6	7	8.4	6.6	5.1	7.7	6	5.4	5.5	6.6	7.9	5.2	7.1	6.6	5.8
"ACTL6A"	8.4	8.5	8.6	7.8	7.2	8.5	7.7	9.2	7.7	6.3	8.5	7.4	7.8	5.5	7.7	8.8	7	8.2	9.1	7	7.9	7	4.6	4.2	6.6	6.4	7	5.5	6.9	8.5	7.5	4.2	6.8	5.4	6	7.9	8	7.9	8.1	5.5	6.1	8.5	7.2	8.1	8.6	7.7	7.6	8.2	7.9	8.9	8.6	8.7	8.2	8.8	9	8.7	5.6	8.7	7.5	6.1	8.8	7	8.4	6	7.9	7.4	6.4	7.1	7.2	8.4	8.8	8.7	9.1	9.2	8	6.8	8.3	6.9	6.6	7.7	8.2	8.4	8.2	8.5	8.4	8.2	6.9	8.2	11.5	9.2	8.1	8.9	8.6	9.1	10.8	6.8	10	9.3	8.3	8.9	9.3	9.5	7.9
"ACTN1"	9.8	9.2	11.1	9.6	10.6	11	10.1	9.7	10.5	9.8	10.4	8.3	10.1	8.7	9.3	10.8	8.3	9.2	10.4	7.8	7.7	8.7	8.8	7.4	8.2	10.2	10.7	8.9	10.1	9.5	11	8.8	7.7	8.5	9.2	10.9	9	10	9.6	8.5	9.8	11.1	8.6	11.3	9.5	8.3	8.6	7.7	9.8	9.5	10	10.8	8.6	10	10	9	7.9	10.6	10.5	7.1	9.9	9.9	10	8.5	8.2	9.4	9.3	9.8	8.8	9.6	10.4	10.2	10.1	10.6	10.8	8.8	10.8	9	7.9	11.1	9.8	10.3	8	8.9	10.2	9.5	9.3	8.4	10.5	11.3	10.7	12.2	10.5	9.9	9.2	9.7	9.5	10	9	9.1	9.7	9.8	9.5
"AKR1C1"	8	13	10	13.3	7.8	7.2	11	7.7	7.9	10.8	7.7	10.9	9.4	5	8	13.8	12	8.1	9.9	7.6	11.5	5	3.2	4.5	11.4	7.3	8.7	5.5	3.6	10.6	6.5	6.6	10.8	6.8	7.5	10.7	8	8	12.7	5.5	7.5	11.3	12.9	8.1	9.5	9.1	8.1	10.9	7.3	9.2	11.2	8.5	7.9	10.3	10.5	9.4	3.6	10	8.8	5.6	8.2	7.8	7.1	4.8	13	8.3	5.9	7.1	12.2	9.7	11.9	9.9	12.8	10.6	9.3	7.1	7.4	6.9	8	8.9	9.6	8.7	13	10.1	13.5	8	6.1	7.9	11.5	8.3	11.2	10	14.4	9.3	11.2	5.9	12.1	10	11.5	7.1	10.8	13.5	8.8
"AKR1C3"	4	11.1	7.9	6.9	4.6	4.5	8	7.7	5.4	8.2	5.2	7.2	5.8	2.6	4	11.9	10.3	5.5	7.3	7.2	7.7	2.6	2	1.6	9.1	5	6.4	4.2	3.7	7.8	5.2	3.6	7.3	4.5	5.3	8.7	7.6	7.7	10.5	3.7	4.3	6.9	10.6	5.1	7.8	5.7	5.8	6.9	6.5	6.9	8.6	6	4.5	8.8	9.4	7.5	1.6	7.7	6.2	1.6	5.9	4.3	6.2	3.3	10.1	5.5	3.3	4.6	9	7.2	8.1	8.8	10.6	6.9	4.8	4.9	4.8	4.5	4.9	7.5	9	7.3	9.4	8.9	8.6	6	4.4	7.3	8.3	5.7	9	6.3	12.5	6	10.5	3.9	10.3	7.8	9.2	3.8	9.5	11.3	7.2
"ALDH1A1"	7	8.7	5	7.5	4.8	7.4	5.5	11.9	5.8	4.3	7.3	6.4	5.9	3.8	6.9	9.5	9.1	5.3	6.4	8.8	10	7.6	3.5	4.6	8.9	5	5.6	6.4	4.9	11.1	8.6	5.4	9.4	6.6	7.4	6	9.2	7.3	10.1	5.9	4.9	9.5	9.5	6.3	9.8	9.7	9.7	8.2	6.9	10.3	11.5	7.4	8.7	7.3	10.1	9.2	3.7	6.1	8.6	7	7.3	5.6	6.3	7.2	11.1	8.1	6.4	5.9	10	7.3	9.1	10.1	9.1	5.4	6.9	9	7.4	7	8	6.2	10	10.7	10.5	11.3	9.3	6.6	8.4	9.7	13.5	7.2	8.9	6.7	7	7.6	12.2	4.4	12.1	7.3	7	6.4	6	11.4	6.8
"ALDH3A1"	5.8	9.7	10.1	11.3	4.5	3.6	8.4	8.2	6.4	8.5	7.5	10.9	7.5	3.3	5.5	13.2	13.5	7.7	9.5	9.8	11.6	7.7	2.8	5.4	9.2	6.8	5.2	3.9	3.9	10.2	4.9	4.6	11	3.8	4.4	6.8	8.5	7	10.5	5.8	8.8	10.2	12	8.5	8.4	10.6	8.4	9.1	4.7	9.9	9.7	8.8	8.6	8.1	12.5	11.1	2.6	7.6	6.7	3.6	7.8	6.5	4	3.9	11.7	8.4	6.5	3.6	11.4	8.7	10.2	11.7	11.9	7.7	6.1	6.8	6.4	8.8	7.2	7.5	11.1	7.7	10.2	11.4	12.8	6.4	6.6	5.6	8.1	4.2	9.7	6.4	12.3	8.4	9.5	3.2	10.4	8.7	7.3	5.2	8.8	11.9	7
"AMMECR1L"	7.5	7.2	8	7.8	6.9	7.5	6.6	7.3	7.5	6.8	7.1	6.5	7	6	6.8	8.4	6.1	7.3	8.1	5.9	6.6	6.3	5	4.2	6.5	6.2	6.9	5.6	6.7	7.3	7.1	5	6.8	5.6	6.1	7.5	7.1	7	8.1	5.9	6.8	7.9	6.3	8	8.1	6.4	6.8	6.5	6.5	7.7	8.3	8	7.2	7.5	6.9	6.7	4.8	7.1	7.6	5.7	7.5	7.1	6.9	5.2	6.6	6.7	6.5	6.7	6.5	7.4	7.3	7.9	7.8	7.9	7.7	6.7	7.1	6.7	6.6	7.6	7.2	8.3	6.2	6.4	7.9	7.1	6.4	7.2	8	7.6	7.7	8.4	7.2	7.4	8.3	6.2	7.4	7.3	7.3	6.8	7.1	7.9	6.2
"AREG"	5	6.4	9.3	7.2	9.4	9.4	9	7.9	9.5	7.3	8.3	5.6	8.2	7	5.9	9	5.2	6.3	10.3	5.2	6.6	6.6	4.5	6.3	6.3	9.1	9	6.1	8.4	8.7	7.7	6.4	5.5	5.8	6.8	8.2	6.4	6.3	8.1	6.5	7.8	10.2	5	9.1	6	6.9	6.7	5.9	7.9	7.5	5.2	7.8	6.2	8.4	6.3	6.3	3.6	9.3	8.8	4.8	6.6	7.3	9.3	5.2	5	7.5	5.7	6.5	5.4	7.5	8.6	7.5	6.8	9.7	9.4	5.5	9.9	7.1	4.9	8.6	6.3	9.3	4.5	5.2	8	7.6	4.8	6.1	9.4	8.7	9.5	11.7	8.3	10.7	8.7	9.4	10.2	9.9	6	7.5	10.2	8.4	9.4
"ARL6IP5"	8.8	7.9	7.7	8	8.2	9.7	7.8	8.6	8.3	7.4	9.1	8.2	8.4	6.1	8.6	8.5	7	8.6	8.2	8.2	6.8	6.8	6	6.1	7.6	7.7	7.8	7.9	8.4	8.4	9.8	7.2	6.3	8.3	9	8.5	9.9	9.8	9.1	8.3	7.9	9.9	8	9	9	6.8	7.9	6.7	8.3	9.4	9.3	9.6	8.6	8.9	9.2	7.2	6.8	7.8	8.6	6.9	9.8	8	9.5	7.3	7.7	7.7	8.2	8	8.3	9.6	8.6	9.8	8.9	7.8	9.2	7.6	8.7	7.5	8.7	9.2	9.7	8.2	8.8	8.2	8.7	8.7	7.9	9.5	10.2	9.8	10.7	9.6	9.2	8.6	9.7	7.7	8.4	9.3	9.1	9	9.2	10.1	8.5
"ARTN"	5.3	8.8	8.6	8	8	7.2	6.4	9.1	7.7	7.7	6.3	6.5	7	4.9	5.2	6.6	5.4	6	8.4	5.1	8.3	7.6	4.5	3.6	7.4	7.1	6.2	4.2	6.7	6.3	5.8	5.8	7	5.5	5.9	8.2	6.2	6.9	8.9	5.2	7	7.5	7.8	7.7	8.2	9.2	6.2	8.2	7.4	7.2	8.7	6.3	6.5	5.1	7.4	7.4	4.9	6.7	7.2	3.7	6.2	6.4	6.2	5.2	7.4	6.5	4.5	4.2	6.7	5.7	8.1	7.7	8.8	7.5	7.4	6	6.8	7.5	5.4	5.6	6.7	8.8	7.3	9	8.4	6.5	5.6	5.5	9	6.9	6.8	7.9	6.4	6.5	9.1	6.5	7.8	6.5	7.7	5	6.2	7.4	7.4
"BPGM"	7.3	8.1	9	9.9	6.5	8.9	9.2	7.7	7	6.6	9	9.1	7.1	5.6	6.7	8.9	6.2	7.5	8.7	6.4	6.2	9.4	6.1	7.5	6.5	7.2	7.4	7.6	8.5	9.6	9.3	7.6	7.1	6.6	7.5	8.2	7.8	8.4	8	6.3	7.2	8.2	7.3	7.9	8.4	6.9	6.8	6.6	8.4	8.9	8	7.9	8.4	7.2	8.5	7.1	5.5	7.5	8.3	6.6	8.9	9.1	9	5.1	7	6.8	6.5	6.7	8.5	8.2	8.6	9.1	8.6	8	8.2	7.1	9.4	7.4	6.7	8.4	8.7	9.2	6.8	7.4	9.2	8.1	6.5	6.2	9.5	8.1	9.1	8.4	7.1	8	8.2	7.5	8.4	8.2	8.1	7.9	8.9	8.8	7.5
"C16ORF57"	8.7	7.7	7.9	8	8.9	9.4	9.9	7.8	8.5	8.6	7.9	8.1	8.1	7	8.1	8.5	7	8.3	9	7.2	7.3	7.3	6.1	5.2	7.8	7.9	7.7	7.1	7.8	8.7	8.5	7.4	7	7.4	8.1	9.5	8.2	8.7	9.1	6.4	8.2	8.9	7.5	8.3	8.4	6.7	6.6	6	7.8	7.8	8.9	9.4	8.2	8.3	8.6	6.5	5.6	7.6	8.7	6.3	8.6	8.3	8.9	6.9	7.6	8.1	7.6	7.3	7.6	7.9	9.1	9	8.1	8.8	9.2	7.3	8.6	8.5	7.1	9	8.6	8.8	7.3	7.9	9.2	8.8	7	7.4	7.4	9	8.6	9.4	8.2	7.5	8.5	7.2	8.8	8.2	7.5	7.2	8	8.7	7.7
"C19ORF21"	6.1	4.7	7.6	6.6	6.9	5.4	6	6	6.4	4.9	5.1	6.1	6.3	4.5	6.4	6.8	5.5	5.6	7.7	5.6	4.7	6.8	4.9	4.6	4.3	5.8	5.6	4	6.2	6.3	6.2	5.3	5	5.4	6	6.9	5.4	5.1	5.4	4	5.5	6.9	4.3	8.3	4.9	5.9	6.9	5.2	6.4	5.3	9.5	7.7	6.1	7.7	6.5	6.1	3.2	6.7	6.9	3.6	5.5	6.9	5.6	4.4	5.6	5.9	4.5	3.3	5.5	5.6	5.7	5	5.8	6.3	7.1	5.5	7	5	4.1	7.3	4.1	8.1	4.5	6.3	6.4	4.3	5.1	4.3	5.2	7.3	5.9	7.4	5.6	6.2	6	6.5	6.3	6.2	5.8	4.5	6.7	7.4	6.6
"C20ORF20"	4.2	4.2	4.3	3.2	4.8	4.5	4	4.2	4.5	2.3	4.1	3.5	4.2	4	4.1	5.5	4.6	3.9	4.5	3.6	2.8	3.8	2.8	3.6	3.9	3.6	4.6	3.2	5	4.2	4.3	3.2	3	3.7	3.3	3.8	4	3.8	4.5	3.3	3.7	4.8	4	4.2	4.5	3.7	4.1	3.9	4.2	3.8	4.2	3.2	4.5	4.2	3.3	3.5	3.2	4.1	4.3	3.3	4.5	3.7	4.3	3.8	3.3	3.9	3	3.9	3.2	4.6	4.8	4.4	4.3	5.2	4.7	3	5.3	2.6	3.7	4.6	4.2	4	3.7	3.8	5	3.5	3	3.3	4.4	4.2	4.9	5.4	4.3	3.7	4.4	3.9	5	4.5	3.3	4.1	4.1	4.5	4.4
"CA9"	7.6	2	9.1	7.1	8.7	7.3	8	5.4	4.5	7	6.5	2.8	5.9	2.8	7.5	9.6	7	8.6	6.7	5	3.7	6.8	5.6	4.5	7.7	6.6	6.7	2.8	6.4	4.2	4.1	3.2	5.8	2	3.3	2.8	9.3	8.9	9.2	6.9	5.9	6.3	3.5	7.1	8.4	3.6	7	2.6	6.7	3	10.3	9.4	5.5	8.5	5.6	5.6	3.3	6.5	7.4	6.2	6.2	3.5	7.5	6	2	4.4	6.1	3.8	3.3	8.9	6.2	6.2	10	11.1	4.1	3.8	6.5	3.5	2	6.9	3.2	8.7	5.9	7.6	7.7	8	4.6	6.3	10.1	6.7	8.1	9.4	9.6	9	6.9	6.7	5.4	5.1	5.7	6.8	6.5	5.5	5.6
"CAMK2N1"	6.1	6.1	6.5	6.5	7.9	7.9	6.9	6.6	6.7	6.4	7.4	5.5	7.1	6.4	6.9	6.9	5.7	5.5	7.4	5.5	5.1	6.3	6.2	6.5	5.1	5.8	6.8	6.2	7.3	6.5	7.5	6.7	6	6.2	6.6	6.8	6.4	6	6.4	6	6.3	7.3	5.9	8.2	5.6	5.5	6.7	5.7	6.6	6.5	5.8	8	6	7.5	6.7	7	6	6.7	7.6	6.8	6.7	6.7	7.9	5.8	6.2	6.2	6.2	6.5	5.6	7.5	6.8	7.6	6.1	7.2	8.8	5.5	7.8	7.1	5.7	8.8	7.2	6.9	5.4	6.3	7.5	6.8	6.6	5.5	6.5	6.3	6.7	8.5	6.4	5.7	7.1	6.5	6.8	6.6	6	5.9	6.2	6.9	6.1
"CAV1"	10.9	8.8	11.7	9.2	11.2	13	10.9	8.2	10.9	9	11.5	7.9	11.1	6.9	10.2	12.5	8.9	7.5	11.7	7.1	8.2	9.6	7.9	8.8	7.8	10.6	10.2	10	12.1	10.5	12	10	7.9	8.9	9.6	10.9	9.4	9	9.3	7.8	9.4	12.1	10	11.6	8.9	6.6	7.2	5.9	9.9	9.3	7.9	10	8.9	8.7	10.8	8.2	6.2	9.1	11.4	6.2	10	10.2	9.9	9.5	7.9	8.6	8.6	8.7	7.7	8	11.4	9.9	10.2	10.2	10.7	7.7	12.1	9.4	8.4	10.2	8.6	9.7	8.2	8.2	9.9	8.1	8.1	8.7	10.9	11.2	11.5	13.6	13.1	12.6	9.3	10.8	9.5	11.9	8	9.5	12.4	10.1	12.3
"CAV2"	10.7	9.6	10	8.5	9.5	11.5	9.9	8.4	9	7.8	10	8.1	9.7	6	10.1	10.8	7.6	7.3	10.7	5.8	8.2	8.4	5.8	6.9	8	8.7	8.7	7.5	10.1	9.1	10.4	7.7	7.8	7.4	8.1	9.7	8.8	8.9	9.2	6.2	7.4	11.3	9.2	9.3	9.5	5.8	8.1	6.8	8.7	8.7	8.7	9.4	8.4	9	10.2	8.2	5.7	9	9.8	5.7	9.6	9.2	8.9	7.6	8.6	7.5	7.4	7.8	7.6	7.6	9.6	9.3	10.4	9.9	9.2	5.7	10.4	7.3	7.2	9.2	8.3	8.6	7	8.3	9.3	8.2	7.1	8.2	11.3	10.1	10.2	12.1	11.8	11	10.1	9.4	9.4	10.9	9.4	9	10.8	10.3	10.5
"CBS"	7.4	7.7	9.5	8.2	6.9	8	7.3	7.6	7.2	7.2	7.3	6.6	7.8	7.6	6.5	8.1	7.2	9.6	8.1	6.6	8.2	5.9	6.1	5.8	7.7	6.9	7.7	5.9	6.6	7.6	7.8	6.7	7.4	6.5	6.4	7.3	8	8.7	8.7	7.2	6.5	8.1	7.7	8.1	6.9	9.9	6.3	10	7.1	7	9.3	6.6	6.8	8.5	8.3	6.5	6	8.3	7.2	7	8.1	6.2	7.6	6.3	7.1	7.1	6.2	7.1	7	7.4	8.6	7.6	7.7	8.1	8.2	8.5	7.3	7.3	7.8	6.8	6.8	7.8	7.8	7.6	8.5	6.7	7.7	9.3	8.1	6.7	7.2	7.4	8	7.4	10	6.6	8.1	6.6	6.3	7.9	7	8.1	6.2
"CCL19"	5.4	6.4	4	9.1	3.8	6.6	6.4	4.5	6.9	4.3	7.8	8.3	4.6	4.2	5.7	4.4	6.9	5.8	5.6	8.7	2.3	1.6	3.2	4.8	9.5	8.2	4.5	6.6	3.7	4.8	9.9	6	2.6	9.7	10.3	7.9	10.3	14.2	10.9	12.7	7	6.4	5.7	5.7	4.8	3.6	5.4	2.3	4.5	7.8	5	8.9	8.1	4.8	10.2	6.3	6	4.5	8.9	7	9.4	7.2	8.4	3.9	3.7	2.6	5.5	11.9	9.7	9.7	3.5	9.7	4.3	4.1	8.8	5.5	8.3	7	7.6	6.4	8.7	4	5.9	3.7	8.1	9.2	5.1	6.7	7.2	5	11.6	4.8	4.4	3.7	5	4.1	6.9	4.5	6.3	10.8	4.5	8.2	6.4
"CCR7"	5.4	5.5	4.5	6.2	3.7	5.5	4.9	3.5	5.2	4	5.8	6.3	3.6	4.8	4.6	5.7	4.9	5.1	4.9	6.9	3.3	3.2	1.6	3.5	3	5.9	2.8	4.2	3.5	3.2	5.6	4.3	2.8	8.3	9.2	6.4	7	6.8	4.3	4.7	5.3	5.7	2.6	4	5.5	3.5	4.6	2.3	3.5	6	5.2	6.6	5.2	5.2	6.8	3.7	2	2.8	5.9	3.7	8.6	5.7	6.5	2.8	3.3	4	5.1	5.8	6.5	8.2	4.2	7	4	4.6	6.2	5.4	5.7	4.5	5.8	5.6	5.8	5	4.5	3.8	5.4	6.5	3.8	5.4	5.2	5.1	8.7	4.9	3	3.2	4.6	3.6	5.1	3.7	5.2	4.9	3.9	5.8	4.6
"CD2"	6.6	6.5	4.7	6.4	4.6	7.1	5.4	5.2	5.4	4.1	7	6.5	5	4	5.8	6.3	5.5	6.4	5.5	7.1	4.1	2.3	3.7	4.4	4.1	5.8	4.2	5.2	5.8	4.5	7.5	3.7	3.6	6.4	7.2	6.9	8.2	7.5	5.7	6.4	6.2	7.3	3.6	5.2	6.4	4.2	6.2	2.6	5.2	6.9	5.2	8	5.9	6.9	7.4	4.2	4.2	4.5	7.1	3.8	8.6	6.9	6.3	4.2	4.8	4.2	6	5.4	7.4	7.4	5.4	7.3	5.9	6.2	6.8	6.4	6.8	5.7	6.8	7.1	6.5	5.2	6.3	3.7	6.6	6.8	5.3	6.5	7.2	6.7	9.9	6.6	5.5	6.5	7	4.5	6	5.5	6	6.3	5.4	6.8	5.4
"CD247"	6.9	6.8	5.6	6.9	5.4	6.8	5.6	5.7	5.8	5.5	6.8	7.3	5.4	5.2	6.3	6.9	6	6.6	6.3	7.3	4.6	4.2	3.5	4.5	4.9	6.3	5	5.4	6.2	5.5	7.2	4.6	4.6	7.8	8.4	7.2	7.7	7.3	6.4	6.2	6.5	7.4	5.4	4.9	7.2	5.2	6.5	4.4	5.5	6.5	6.5	7.9	6.4	6.7	7.6	5.5	4.9	5.6	7.1	4.4	8.5	6.9	6.6	4.6	5.5	5.8	6	5.8	6.8	8	5.7	7.9	5.9	6.6	7	6.8	6.6	5.7	6.6	7.2	6.8	6	5.8	4.6	6.6	8.1	5.5	5.9	6.7	6.4	9	6.7	5.5	6.1	7	4.5	6.1	6.3	5.6	5.9	5.8	6.5	6.1
"CD3G"	6	5.8	4.8	5.9	4.3	5.8	4.6	4.6	5.2	4.1	5.8	5.7	4.4	2.3	5	5.5	4.9	5.3	5.3	5.7	2.8	3.2	3.3	3.9	3	4.8	3.9	3.7	5.2	4.4	5.7	3.3	2.6	5.9	6.7	5.7	6.6	6.5	5.1	4.9	4.9	6.5	3.7	3.6	5.3	3.6	4.7	3.6	5	5.5	6.4	6.8	4.8	6.2	5.9	3.9	2.8	3.5	6	3	7	5.4	5.5	3	4.6	3.5	4.2	4.5	6	6.8	4.5	6.2	4.8	4.8	5.8	4	5.5	4.1	5	5.6	5.6	4.6	4.6	3.8	5.6	5.6	3.5	6.6	6.4	5.9	9.2	6.4	5.2	5.5	6.9	4.6	5.4	4.6	5.6	4.5	5.3	6.4	5.2
"CD69"	5.9	6.2	4.3	5.7	4.5	6.1	5.7	5.8	6.4	6	6.2	5.4	4	3.5	6.2	6.8	6	5.5	7.4	5.8	2.8	3.3	3.5	4.2	4.8	5.4	4.8	4.9	5.5	5.8	7	3.9	3.3	7.3	8.1	5.9	6.3	6.9	6.2	5.4	5.2	8.1	4	6.1	5.2	2.8	4.4	3.5	5.1	6	4.4	6.2	5.2	6.7	5.8	5	3.5	3.7	5.5	4.6	7.2	5	6.4	2.8	4.1	4.2	5.5	6.5	6.9	7.5	4.5	7.3	5.1	5.1	7.2	5.9	7.8	4.8	5.4	6.4	5.6	5.8	5	3.2	6	6.4	5.4	8.2	7.7	6.9	9.8	6	6.2	7.2	7.7	6.6	5.7	5.7	7.2	7.2	6.5	8.5	7.6
"CD74"	15.1	12.3	11.8	12.5	11.9	14.6	11.7	11.8	12.2	11.8	13.2	13.3	12.2	11.7	14.5	12.7	12.4	13.8	12.6	13.8	10.2	8.6	11.8	11.4	11.7	12.3	11.4	12.6	12.8	11	14.9	12.2	10.2	13.4	14.1	13.5	15.1	14.2	13.2	13.7	12.7	13.4	12.1	12.9	14.5	11.6	14.2	10.7	13	13.3	10.9	15.2	13.2	15	13.7	12	10.6	11.1	13.4	11	14.2	13.7	14	12	12.3	10.2	12.8	12.9	14	14.7	12.1	13.7	12.2	14.5	14.7	13.8	14.8	12.5	13.8	14	13.5	11.9	13.8	11.4	13.5	13.4	12.9	13.8	13.3	13.2	15.6	14.2	13.3	14.2	12.1	11.3	12.1	13	13.5	12.3	11.8	13.4	11.6
"CD79A"	7.3	9	6	8.3	5.1	6.4	6.7	5.6	8.1	5.2	7.3	7.7	5.6	4.8	6.3	6.4	6.3	6.5	8.2	8.3	4.7	6.9	3.3	5.6	4.6	6.1	4.3	5.6	5.7	7.4	6.7	4.9	6.3	9.3	9.9	6.9	8.8	8.9	6.1	4.5	7.2	7.4	5.2	7.4	5.4	3.6	8	4.1	5.7	8.6	7	9	11.2	9.4	9.4	6.8	3.7	5.3	7.6	4.9	10.9	7.4	7.5	3.8	5.1	5	9	4.6	7.9	10.2	6.5	9.6	5.9	6.3	8.1	7.8	8.9	8.3	8.6	7.3	7.9	6.2	6.9	4.7	9	9.2	4.1	8.6	6.9	7	11.7	6.3	5.4	4.9	7.6	4.2	10.2	6.2	7.2	6.2	7.5	8.2	7.8
"CD8A"	7.6	6.7	4.3	5.8	4.7	7.4	6.3	5.5	6.1	4.8	6.8	6.4	4.1	4.7	6.1	7.5	7	7.5	5.5	7.7	3	3.7	4.4	4.5	4.8	5.5	4	5.8	6.9	5.2	7.9	4.2	4.8	6.8	7.5	6.6	9	8.4	5.7	7.1	6.2	6.2	4.2	5.4	6.7	4.5	7	4.5	6.4	6.4	4.9	8.7	6.4	7.8	7.7	4.7	4.8	4.5	6.5	4.2	7.2	7.3	6	5.4	5.8	4.2	6.3	5.4	7.4	7.9	6.1	8.2	5.7	7.3	6.7	6.8	6.5	6	6	7	7	4.3	7	3.9	6.7	7.6	5.8	8.1	6.9	6.1	9.4	6.8	6.1	7.1	7.2	5.6	5.6	4.9	6.5	3.9	5.6	6	5.2
"CDA"	3.9	5.1	7.5	6.3	8.4	7	7	5.1	6.7	7.4	5.1	5.6	7.9	3.3	4.2	5	3	5.2	7.4	5.2	3	4.2	2.3	4.8	3.9	6.8	5.1	2.8	4	5.4	5	3.8	3.3	6.1	6.5	8.6	4.2	5.4	5.4	3.8	7	8.4	3.9	4.6	3.9	3.5	7.6	3.3	5.9	4.7	5.2	6.9	3.9	5.3	6.8	5.1	2.8	8.3	8.7	3.3	6.4	8.2	7	6.5	0	7.1	4.7	4.2	4.1	5.7	5.8	4.8	5.2	6.8	5	4.2	5.9	7.2	4.2	6.4	4.7	4.8	1.6	3.2	7.9	6.7	3.2	2.3	3.8	5.2	8.2	6	5.2	6.7	4.5	4.1	6.5	7.3	5	4.6	7.8	5.6	7.5
"CDC7"	6.1	7.1	7.5	7	6.5	7.2	6	7.9	7.1	6	6.4	6.5	6.9	5.6	5	7.5	5.5	7.7	7.4	6.5	6	5.8	4.7	4.3	6.4	6.6	5.6	5.1	6	7.6	6.5	5.3	6.1	5	5	6.9	8	7.9	8.1	6.2	6.4	7.5	5.9	7	8.7	6.2	7.7	6.4	5.9	7.1	6.7	7.3	6.7	8.3	6.7	6.1	4.6	6.6	6.7	5.4	7.3	6.6	6.6	4	5	5.6	5.8	6.2	6	7.1	7.2	6.5	6.7	9	6.9	6.3	7.5	5.7	5.7	6.5	5.9	7.4	6.4	6.8	7.3	7.3	6.3	6.7	9	7.7	7.9	7.9	7.5	7.5	8.5	5.9	7.5	7.4	6.7	6.5	7.9	7	5.6
"CDH3"	9.3	7.9	10.3	10	11.1	11.1	11.1	9.2	9.9	10.7	11.6	8.8	10.7	7.4	8.9	10	7.8	11.4	10.9	9	8.6	9.2	8.2	7.3	9.4	9.8	9.2	8.3	10.3	10.1	10.8	8.8	8.8	8.1	8.6	10.8	10.5	11.1	10.9	7.7	9.5	11.3	8.7	10.7	10	7.7	7.6	5.8	10	8.2	10.7	12.3	10.2	9.1	9.6	7.2	6.6	9.3	10.8	5.8	9.6	10.8	10.6	8.5	7.9	9.9	8	6.9	8.5	8.9	10.6	9.7	9.8	9.7	10.8	7.5	10.8	9.5	7.9	10.8	8	10.5	9	9.4	10.9	9.3	7.5	7	8.9	11.7	11	11.2	11	10.5	10.2	9.7	9.8	9.8	8.5	9.1	10.8	10.6	9.4
"CDKN2A"	4.5	3.2	5	4.6	4.5	4.3	4.6	3.3	4.5	3.9	4.9	3.7	4.3	2	3.9	4.4	3.5	4.7	4.8	3.5	3.5	3.2	3	2.8	1.6	3.9	3.5	1.6	3.6	3.9	4.1	3	3.5	4.1	4.2	4.1	3.8	4.9	4.6	3	3.6	5.2	3.3	4	4	2.6	3.7	2.3	3.9	4	4.6	5.2	3.3	4.7	3.3	3.9	0	3.7	4.4	3	3.9	3.9	3.5	0	3.8	3.6	3	4	4.2	4.2	4	4.2	3.8	4.7	4.2	4	4.4	1.6	3	5.2	5	4.7	3.8	3	4.6	3.5	3	3.7	4.5	5	5.3	5.5	5	3.6	4.5	3.3	3.7	4.3	3.7	3.6	4.9	4.8	3.8
"CECR1"	7.2	6.9	5	6.6	4.9	6.8	5.2	5.5	6.1	4.4	6.5	6.4	5.5	4.3	6.6	6.8	5.8	5.8	6.3	6.8	3.2	3.2	4.3	4.8	5.4	5.9	4.5	5.9	6	5.5	7.9	4.5	4.2	6.9	7.6	6.2	8.7	8	6.9	6.2	5.6	6.8	5.4	6.3	7.3	3.9	6.8	5.1	5.9	7.4	5.8	8	7.9	7.8	7.9	6	4.9	5.2	7	4.9	8.7	7.1	7.1	5	6	5.8	7.4	5.9	7.2	7.9	5.6	8.3	6.2	6.4	7.3	6.8	7.2	5.3	7	7.5	8	5.2	7.6	5	7.2	8.2	6	6.7	6.9	7.2	9	6.7	6.4	6.2	6.7	5	7	6.2	6.9	4.9	6	6.5	6.7
"CIITA"	6	4.5	4.5	4.5	5	5.9	4.7	4.2	4.4	3.7	4.9	5.3	4.8	4.5	5.8	4.4	4.7	4.8	4.5	5.4	2	2	3.7	3.9	3.6	3.9	5.1	4	5.1	4	5.7	4.5	2.8	5.3	5.6	5	6	5.1	5	4.1	4.6	5.4	3.6	4.4	4.8	4.1	5.4	3.6	3.8	4.4	3.7	5.9	4.3	5.8	4.7	2.6	3.8	3.5	5	3	5.8	4.6	5.4	4.2	3.3	3.7	4.5	5.1	5.3	6.1	4.5	5.2	3.2	6	6.2	5.1	6.3	3.5	5.5	5.9	5	3.8	4.2	4.2	5	4.9	4.5	5	5.1	4.6	6.8	6.4	4.6	5	4.2	3.8	4.8	5.1	5.3	4.4	4.2	5.1	4.1
"COL13A1"	5.8	4.4	4.8	5	5.5	5.6	5.6	4.2	5.5	4.8	5.2	4.8	4.9	3.9	6	5	4	7.3	6.3	4.9	2.6	1.6	3.3	3.7	3.7	5.3	5.9	3.7	4.2	5.3	5.7	4.4	4.5	3.5	4.2	5.6	5.2	5.9	4.9	5.6	5.8	6.1	4.3	5.5	5.6	4.9	4.2	4.4	4.5	3.8	5.2	6	4	5.2	4.2	4.1	3.5	4.8	5.6	2.6	6	4.2	5.3	3.8	4.8	5	5	6	3.2	4.7	5.4	5	5.1	5.2	6.1	3.8	5.9	4.2	4.3	5.9	4.4	6	4	4.6	5.7	4.5	4.1	2.3	5.8	6.1	5.4	6	5.6	4	5	4.8	5.2	4.3	4.6	5.6	5.3	6	4.6
"COL17A1"	10.3	8	10.5	8.6	11.5	12.3	12.1	9	11.7	8.2	11	10.9	11	7.9	8.3	11.2	7.1	9.2	11	8.4	9.5	9.2	8.1	8.5	8.3	9.6	8.4	7.7	11.1	10.3	10.4	9.6	10.2	9.3	10.1	10.9	9.6	9.4	9.6	6.9	9.6	11.8	8.6	10.6	5.2	8.2	5.8	2.8	9.4	8.2	10.4	11.4	8.7	7.5	9.1	7.8	6.1	9	11.9	7.5	9.6	11.5	9.4	9.2	8.1	9.4	6.9	7.6	7.3	7.4	11.4	9.8	8.8	9.5	11.3	6.6	12.1	9.9	8.4	11.6	8.6	10.6	6.5	10.1	10.4	6.3	6.8	7.5	9.9	11.5	10.6	12.7	11.2	11.7	9.9	10	10.2	11.2	5	9.1	11.1	10.2	9.9
"CORO1A"	8.5	8.3	7.4	8.9	6.9	8.9	7.6	6.5	7.8	7.2	8.7	8.7	7	6.4	7.4	7.8	7.6	8.1	7.5	8.9	5.2	5.3	5.1	6.2	6.3	8.5	6.6	7.1	6.8	6.2	9.2	6.4	5.9	9.5	10.2	8.8	9.6	9.5	7.8	8	8.3	8.3	6.8	7.8	8.2	6	7.6	4.9	6.7	8.4	8.5	9.5	8.4	8.5	8.9	6.8	5.1	6.2	8.6	5.3	10.1	8.1	8.9	5.8	6.2	6	8.8	8	8.7	9.6	6.8	9.4	7.4	7.6	9	8.3	8.9	7.7	8.5	9	8.5	7.6	7.6	5.7	8.6	9.1	6.9	8.7	7.7	7.5	11.1	8	6.9	7.7	7.7	6.1	7.5	7.1	7.4	7.2	7.3	8.7	7.8
"CSF1R"	4.2	3.8	2.3	4.2	3.9	4.9	3.5	3.5	3.6	3.2	4.5	3.7	4	2	3.9	4.9	3.9	4	4.2	4.2	2.6	3	2.8	2.8	2.6	3.3	3.3	2	3.6	3.5	4.3	3.5	2.8	3	3.9	3.8	4.9	3.6	3.6	3.2	3.3	4.6	4.1	3.3	3.2	3.2	4.2	2.3	3.6	3.9	3.7	4.2	3.2	4.3	3.6	1.6	3.2	2	3.7	2.6	3.9	3.5	4	3.7	3.6	3.2	3.9	2.8	3.8	4.4	3.5	4.2	4.2	4.2	4.5	4.2	4.1	2.3	3.2	4.3	4.2	3.6	4.2	3.3	3.7	3.3	3.7	3.5	4	4	5	4.8	5.1	2.3	4.4	2.8	3.6	3.6	4.2	3	3.8	4.5	4.2
"CSPG4"	7.8	7.4	9.1	7.7	9.6	8.6	9.3	6.8	8.1	7.6	9.2	7.7	8.5	7.8	6.7	8.1	6.1	6.6	8.2	6	5.5	5.6	8.8	8	7.9	8.3	9.5	7.9	8.8	7.6	9	7.1	7.2	7.9	8.7	9.5	8.2	11.1	9.4	9.6	9.1	5.5	8	7.2	5.1	5.6	5.6	5.3	8.8	7.7	9	9.9	5.5	8.3	8.5	7.1	5.6	8.9	8.7	9.1	7.7	8.4	10.2	8.1	6	7.3	7.5	9.1	5.4	6.2	8	8.2	7.8	6	7.3	5.6	6.6	8.5	6.1	7.9	7.4	7.7	5.9	8	9.1	7.4	7.4	5.2	6.8	8.9	8.5	6	8.9	7	6.1	5	6.8	8.6	6.2	7.6	7.8	7.3	8.2
"CTSL2"	4.5	3	4.6	4.8	5.4	5	5.4	3.3	5	4.5	6.1	4.2	6.2	3.2	4	7.2	5.2	2.6	4.5	3.3	3.5	3	2.3	4.9	4.8	5.1	4.6	2.8	4.7	3.5	4.7	3.2	3	3.9	5	5.4	4.3	4.8	5.5	1.6	4.6	5	4.6	4.1	4.2	3.2	5.8	2.8	5.5	4.9	4.7	4.3	3.9	3.3	6.7	3	0	4.9	8.4	2.3	3.3	6.2	5	4.4	4.1	4.5	3.2	4.1	2.8	4.5	7.2	6.1	4.9	7	5.1	3.8	5.4	4.2	3.2	4.2	4.8	6.3	5.9	4	5	4.2	3.8	2.6	6.1	5.5	5	6.4	5.9	4.5	5.4	3.7	5	6.2	3.7	2.3	3.5	3.6	5
"CXCL10"	8.2	8.3	7.3	5.2	5.7	9.4	6.8	4.5	6.8	5.1	6.8	6.8	4.9	4.4	7.3	9.4	5.9	10.4	8.8	5.8	3.7	3.7	5.1	5.1	4.7	5	4.2	5.6	8.5	5.2	9.3	4.7	3.3	5	4.6	8.1	10.3	7.6	5.9	7.3	6.5	7.5	5	7.5	9.7	3.6	5.8	3.5	8.2	5.5	4.6	10.1	6	8	6.5	3	5.9	4.1	7.4	3	8.8	10.5	6.6	5.5	6.6	3.5	4.4	5.6	6.9	7.3	5.9	6.8	4.2	10.7	6.8	4.1	11.7	5.7	6.9	10.8	7	5.4	5.9	3.9	5.2	6.8	5.9	8.1	8.6	8.8	12.1	8.4	6.7	9.6	7.8	10.9	6.2	10.2	7.9	5.6	6.8	6.4	5.8
"CXCL12"	6.8	6.4	6.1	8	7.5	7.1	6.9	5.9	7.6	7.8	8.2	7.2	6.8	6.2	7.2	7.3	7	5.9	6.9	7.4	5.2	5.5	6.4	6.3	5.8	6.9	8	7.9	5.8	6.1	8.1	6.6	5.1	7.3	7.9	7.4	7.7	7.2	6.8	8	8	6.8	8	6.5	6.2	6.4	6.8	5.1	6.3	8.6	6.1	8.4	7.3	7.1	7.8	6.3	5.7	6.4	8.4	5.8	9.1	7.4	8.1	7.2	7.6	6.4	9.3	7.9	7	8	6.6	9.5	6.3	6.8	9.3	9	8.5	7.1	7.5	8.9	8.8	7.2	7.2	7.4	8.5	7.9	8.4	8.3	8	7.2	8.6	6.4	6.9	5.9	6.5	5.5	6.8	6.7	7.3	5.8	5.8	7.9	6.4
"CXCL9"	9.8	9	6.1	6.9	6.8	11.9	7.3	5	6.7	6	8.1	7.6	5.5	5.1	8.9	10.2	9.3	10.2	5.8	8.5	4.5	2.6	6	6.7	5.2	5.9	3.9	8	9.4	4.5	10.3	5.9	4.3	8.3	8.9	9	12.1	9.6	6.6	9.8	8	6.4	5.2	8.7	9.7	5.6	9.1	6.2	10.1	7.4	3.6	11.4	6.7	9.4	8.5	3.9	6.6	4.9	8.2	5.8	8.1	10	7.2	7.5	8.5	3	5.4	5.2	9.6	8.9	8.2	8.8	5.9	10.5	10	8.2	9.1	8.2	9.3	11.3	8.6	7	9.9	4.1	7.3	8.5	8.1	8.9	9.7	8.6	11.5	8.6	7	9.4	8.1	6.4	5.6	8.4	7.7	4.1	5.5	6.9	5.5
"CYBB"	7.8	7.5	5.3	6.9	6.3	8.4	6.3	6.2	6	6.4	7.4	7.2	6.6	4.9	7.7	7.7	6.9	6.4	7.1	7.1	3.2	4.2	4.6	5	5.8	6.4	5.3	6.7	6.4	6.3	9.2	5.2	4.2	7.7	8	7	9.1	8.4	7	8	7	7.7	6.4	7.2	8.1	4.5	6.9	5	7.1	8.1	4.8	8.2	7.3	8.3	7.9	5.9	4.3	5.2	7.7	5.4	8.8	7.3	9.4	6.3	6.3	4.2	8.1	7.1	8	8.6	6.6	8.5	7	6.9	8.7	8.3	7.5	5.8	8.1	8.7	8.8	6.1	7.6	6.3	7.8	8.7	6.7	8.8	9.4	8.6	9.9	8.2	8.3	7.5	7.8	7	6.7	7.9	9.1	6.6	6.9	8.6	6.3
"CYORF15B"	6.9	6.9	5	7.4	8.3	7.3	6.3	4.7	6.9	5.1	7.4	7.5	5.9	5.9	5.5	8.4	6.9	9.9	7.2	8.3	4.1	3	6.8	6	7.6	6.5	6.2	6.6	5.9	6.6	8.4	7	5.7	7.4	7.9	7.4	10.2	9	8.8	7.5	8.3	8.5	5.6	7.2	9.2	6.2	7	5	4.2	8.1	9.1	5.4	8.9	8.1	7.6	8.7	5.8	8.9	5	6.8	8.8	5.6	6.9	5.4	3.7	7.2	7.5	8.4	7.6	8.8	5.8	8	8.8	7	7.4	7.7	8.1	7.9	8.9	5.4	7.6	6.9	4.2	4.2	7.7	7.1	8.2	7.4	4.9	8.5	5.6	6.8	5.9	8	9.9	5.1	8.7	6.6	6.9	7.5	7.3	8.1	6.8
"CYP27B1"	5.7	4.2	6.3	5.4	6	6.3	6.3	3.9	6.4	5.2	5.1	5	5.7	4.9	4.8	5.9	4.3	5.2	5.9	4.3	4	4.2	3.9	3.8	4.5	5.6	4.9	4.5	6.8	4.6	6.3	4.8	4.9	4.6	4.7	6.5	5.1	6.1	6	4.2	6	6.2	4.1	6	4.2	4.4	5	4.2	4.8	4.5	5.5	6.3	4.6	5.8	5.2	3.6	3.7	5.4	6.3	3.9	5.4	5.2	6.7	3.2	3.9	4.7	4.6	4.3	4.2	6	5.5	6	5.4	6.7	6.4	5	7	5.4	4.2	6	5.1	5.7	5.3	5	6	5.4	3.8	4.4	4.8	5.4	6.1	7.1	5.4	5.2	5.5	5.2	6.3	4.5	4.8	4.5	5.3	5.2	5.3
"DBI"	9.5	9.3	10	10.2	9.6	9.8	9.9	10.1	8.5	10.2	9.6	9.9	9.3	7.6	8.8	9.7	8.9	10	10.8	9	9.1	8.3	6.5	6.7	9.5	8.6	8.4	8	7.9	10.7	9.4	7.2	9.5	8.6	9.2	10.7	9.8	10.4	11	8.2	9.2	11.9	9.6	10	9.9	9.1	9.9	10	9	10.6	12.3	10.2	9.7	10.1	10.4	9.6	6.7	10.1	9.8	8.6	10.2	9.8	10.6	8.5	9.2	9.1	8.5	8.2	9.3	10.6	10.8	10.5	10.7	10	10.2	8.8	9.4	9	8.8	10.1	10.2	10.3	11.1	10.4	10.9	10.1	8.5	10.6	12.6	10.1	10.6	10.3	10.5	9.8	11.5	8.6	11.5	10.6	10.4	9.5	11.4	11.3	10.1
"DDX50"	7.5	7.1	7.2	6.6	6.3	7.2	6.4	7.4	6.4	6	6.8	6.2	6.5	5.4	6.6	7.5	5.8	6.9	7.5	5.9	5.8	5.5	4	3.7	5.8	5.6	5.6	5.2	6.1	6.8	7	4.2	6.1	5.9	5.8	6.7	7.4	7.6	7.2	5.6	5.6	7.4	6.7	6.7	7.2	5.5	6.4	5.3	6.2	6.7	7.3	7.5	6.7	7.1	6.5	5.7	4.6	6.5	7	5.7	6.8	6.3	6.7	4.3	5.9	6.3	5.8	5.5	6.2	7.1	7.2	7.3	7.5	7.5	6.2	5.9	6.8	5.8	6	6.7	7	6.8	6.4	7.5	6.7	6.7	5.8	6.6	8.1	7.6	7.6	7.8	7.3	7.1	8.2	5.7	7.1	7.1	6.7	6.8	7.5	7.1	5.9
"DOCK10"	5.1	4.9	5.7	5	4.2	5.5	4.5	4.5	5.1	5	5.8	5.2	4.5	3.5	4.5	6.1	4.5	4.8	5.7	5.3	3.3	2.8	3.5	3.6	3.3	4.4	4.2	4.5	5	4.1	6	3.7	3.6	5.8	6.3	5.4	6.4	6	5	5.1	4.9	5.9	4.5	4.6	5.6	3.3	4.7	3.3	4.6	5.3	4.5	6.1	5.6	5.7	5.6	4.5	3	4.3	6	3.9	6.9	5.2	5.6	3.2	4.3	2.3	5.7	5.1	5.2	6.4	4.8	6.1	5	4.9	5.8	5.2	5.4	3.5	5.4	5.6	5.7	4.4	4.6	4.4	5.4	5.8	4.2	5.9	6.6	5.6	8.1	5.6	4.2	5.5	5.8	5.3	5.3	5.4	5.5	5.4	5	6	4.8
"DPT"	6	6.1	1	5.9	5.4	4.2	5.4	3.6	3.5	3.5	6.9	6.4	1.6	1.6	3.3	5.9	4.5	4.5	4.9	6.4	2.3	2	3.2	4.5	2.8	3.7	3.3	6.1	4.5	5.1	6.5	5	3.8	6.2	6.4	5.1	6.7	6.2	3.3	5.2	5.3	3.6	4.5	4.1	4.2	4.6	2.8	3	4.7	7.5	5.1	5	5.5	6.3	6.7	3.7	3	2.3	7.5	5.2	5.8	3.8	6.6	2.6	4.3	3.6	6.4	2.6	6	7.1	5.4	9	7.2	3.3	5.9	2.8	4.6	5.5	4.8	5	7.7	6.3	3.9	4.8	4.6	7.2	7.8	5.9	6.4	5.9	6.7	4.3	4.5	3.8	4.5	2.8	5.5	5.1	5.8	4.3	3.7	6.1	3.9
"E2F2"	6	5.4	6	4.4	3.7	5.5	4.4	4.6	4.6	3.3	4.5	4.5	5.5	3.3	5.3	4.2	3.5	6	6.9	4.8	2	4.2	3	1.6	3.6	4	3.9	3.7	2.6	5.9	3.8	3.5	4.1	3	4	5	5.1	4.6	4.1	2.3	4	5.6	4.2	5.5	6.2	4.3	5.8	4.4	2.8	4.6	5	6.4	5.6	5.5	4.9	5	1	4.5	4	2.8	5.4	3.8	4.1	3.5	2.3	3.8	3.2	3.5	4.5	6.4	5.2	5	3.7	6.1	3.2	5	4.5	4.5	4	5.1	3.7	4.6	5.8	4.2	5.1	4.2	4.5	5	5.8	4.7	5.5	4.1	4.5	3.9	5.3	1.6	5.1	5.1	5.2	4.3	4.9	5.4	3.6
"E6 (HPV16)"	5.1	5.6	6	6.4	5	6.2	5.6	4.8	6.1	6.5	5.1	4	6.3	4	4.1	6.9	4.6	11.2	7	4	4.9	4.8	4	3.7	5.2	4.3	4.3	3.2	4.2	6.3	5	4.1	4.2	3.6	3.8	7.2	5.4	6.1	6.4	3.9	4.4	7	3.9	5.2	13.2	4.2	10.2	3.2	5.7	3.5	5.5	6.5	5	11.1	4.9	4.2	3.6	6.6	6.6	3.6	5.5	7.1	5.7	3.2	3.7	5.9	4.5	3.5	3.8	11	6.7	5.4	5.7	8.2	5.4	9	6.2	5.4	3.7	6.4	4.5	6.8	8.8	5.8	6.4	4.7	4.2	9	4.2	6.2	6.6	7.5	5.6	4.1	6.9	4.7	6.8	5.2	4.2	5	5.9	6.2	5.5
"ECHDC2"	7.9	7.8	7	6.5	5.7	6.3	5.4	7.7	6.5	6.9	7.2	7.2	7	5.4	7	7.5	5.7	8	7.5	7.4	6	8.3	4.5	4	6.9	5.7	5.6	5.4	5	7	7.7	6	5.1	6.2	6.5	7.4	8.3	7.9	8.5	6.6	7.4	8.4	6	6.5	8.2	7.5	8.1	7.3	6.5	7	7.6	7.5	8.1	7.6	8	5.8	5.1	6.8	7	5.6	7.9	7.4	5.8	5	6.4	7	6.2	7	7.3	8.2	6.8	8	7.5	6.9	6	7.3	6.5	6.4	7.1	7.1	7.8	7.8	6.9	7.7	7.6	7.2	7.1	7.4	8.8	7.4	8.5	6.2	5.7	7.4	8.9	5.4	7.6	7.4	7.5	7	7.3	8.1	6.4
"EGFR"	8.2	6.3	8.2	7.1	7.8	8.9	7.6	6.4	7.6	7.3	7.2	9.6	7.4	6.2	7.7	8.7	5.9	7.1	8.7	6.4	7	6.8	4.6	4	7	6.8	7.2	5	6.5	8.1	7	5.9	6.7	3.8	4.1	7	7.8	8.2	8.4	6.4	8	8.9	7.6	8.5	8.7	7	7.5	6.6	10.9	7.3	7.9	8.9	11.1	11.3	7.2	3.9	4.9	7.6	7.6	5.1	8.3	6.6	7.7	5.6	5.5	8.3	6.2	6.3	6.3	6.9	9.1	8.4	8.8	8.6	8.3	5.4	7.6	8.1	6.9	7.7	7.5	10.2	6.1	10.9	8.3	6	6.2	6.6	8.1	8.9	8	9.9	9.1	9	11.8	7.8	10.2	7	7.6	7.8	8	7.5	6.9
"EHD2"	5.9	5.5	7.1	5.5	6.2	7.2	5.9	4.5	6.9	5.6	6.4	5.3	6	5.2	5.5	6.8	4.4	6.7	5.8	4.1	3.9	5.5	4.2	4.2	4.9	5.9	6.2	5	5.6	5.7	6.7	5.4	5.1	4.2	4.2	6.3	5.5	5.9	6.5	5.2	5.6	5.6	4.9	6.9	6.8	3.6	5.4	3.7	6.2	5.2	6.8	7	6	5.4	5.2	4.8	3.8	6.6	6.5	2.6	5.9	5.9	6.4	4.5	5.2	4.9	5.6	5.7	5.4	5.6	6.2	6.6	6.9	6.6	7.2	5.7	6.3	5.1	4.6	6.7	5.7	6.4	5.2	4.8	6.3	5.2	5.7	3.8	5.7	6.2	6	7.3	6.4	5.2	4.8	4.5	4.9	5.7	4	4.5	5.2	5.5	5.3
"EVI2B"	5.5	6	3.8	5.9	4.2	5.7	4.2	4.6	5.3	4.2	5.9	5.2	4.7	4.2	5.6	5.4	5	5.3	5.6	5.7	3.3	3	3.2	3.3	3.6	4.7	3.5	4.5	5.2	4.3	6.6	4	2.3	6.2	6.5	5	6.8	6.4	5.2	5.6	4.4	6.3	3.6	6.2	5.2	2.6	5	3.5	4.7	5.9	3.8	6.5	6.8	6.6	6.7	4.5	3.5	3.7	5.8	3.8	7.5	5.3	6.3	3.2	4.4	3.8	7.2	4.8	5.9	7.2	3.9	6.6	4.6	4.5	6.3	6	6.3	4.3	6.1	6.5	6.2	4.2	6.3	3.7	6.6	6.9	5	6	6.1	5.5	8.5	5.9	5.4	5	5.6	4.6	6.1	5	5.8	4.6	4.5	6.5	6.6
"EYA2"	7.7	6	4.2	5.1	3.9	5.1	4.3	5.4	4	4.1	5.5	5.8	4.2	5	7.6	6.1	4.8	7.7	5	6.5	5.8	2.3	2.8	2.8	5	4.2	4	3.8	3.6	6.7	5.3	3.5	5.8	3.6	3.7	3.5	6.8	6.6	6.6	4.6	4.9	6.5	5.4	4.5	7.4	5.6	7.4	4.9	6.4	5.9	8.6	4.6	7.6	5.9	6.3	4.7	3.9	3.9	5.3	2.8	6.3	4	4.6	2.6	6.5	4.3	4.2	4.6	4.5	7	4.9	5.9	6	3.8	5.1	5.7	4.6	4.2	2.8	4.4	5.5	4.6	6.8	7.6	5.9	4.5	5.7	5.2	6.8	4.2	5.8	5.1	5.6	4	7.4	3.9	5.8	3.9	6.8	4.8	5	7.1	5
"F2RL1"	6.4	5.7	7.2	6.5	6.3	7	7.3	4.6	6.9	5.7	7.1	5.6	6	4.9	5.5	7.1	4.2	4	7.3	4.2	5.8	4.7	4.2	3.5	5	6.1	6.2	4.6	6.7	6.2	6.9	4.5	5.4	4.9	5.8	7.2	4.9	5.1	6.4	3.5	6.4	8.3	5.5	6.6	4.7	5.2	5	7.2	6.6	6.8	4.8	7.3	4.4	5.8	6.6	6	3.6	6.9	7.4	2.3	5.6	6.7	6	5.4	6.3	6.6	4.6	4.2	5.1	6.7	8.3	7.6	7.3	6.8	7	4.8	7.7	5.5	4.2	8.1	7	7.6	5.8	5.8	7.3	5.3	5.1	4.9	7.6	7	6.8	8.2	7.5	6.8	8.9	5.6	6.6	7.9	4.8	3.6	7.5	7.1	6.4
"F3"	5.7	7.4	10.7	6.7	10.3	10.8	9.3	6.9	9.8	8	8.3	6.4	8.4	4.5	6.6	10.4	7.3	7.3	9.3	6.1	8.2	6	6.3	6.3	5.7	8.9	8.7	9.5	11.8	7.9	11.6	10.1	6	7.3	8	9.6	7.6	9	7	6.6	9.3	11.6	5.9	9.4	5.7	6.2	8.8	5.3	7.5	8	8.2	7.1	5.5	7.8	8.6	5.4	4.3	7.7	9.5	4.8	7.8	6.8	8.2	7	5.5	6.6	6.4	7.4	6.3	7.3	6.7	8.5	7.3	8.9	10	7.3	10.8	7.4	5.3	8.4	8	7.2	5.9	5.1	7.7	6.5	3.9	5.6	9	9.9	11.6	12.2	9.6	11.3	8.9	10.7	9.7	9.6	6.5	8.4	10.7	10	10.2
"FADS3"	8.9	7.3	8.3	7.5	7.1	9.5	8.4	7.8	7.5	6.8	8.8	6.2	7.3	6.8	7.9	8.2	5.6	6.6	8.2	6.3	6.2	7.2	6.6	5.2	6.4	7.7	7.8	7.5	9.4	6.6	9.8	7.8	6.5	5.7	6.6	8.8	6.4	7.1	8	6.7	8.7	9.6	7.2	7.8	6.8	6.5	6.8	5.7	6.3	6.5	8	8.7	6.9	7.8	7.3	6.2	5	7.4	7	3.3	8.1	6.8	7.1	6.1	6.9	7.5	6.8	7.9	6.8	7	6.9	6.8	7.3	8.3	9.6	7.3	7.7	6.3	7	8.8	6.2	7.9	5.2	6.7	8.5	7.8	7	5.9	7.4	8.6	9.3	9.8	7.8	6.8	8.4	9	7.8	7.8	7.6	7.2	7.5	7.6	7.9
"FAM46C"	7.6	9.1	4.5	8.1	3.9	6.6	6.4	8	8	4.5	6.4	7.5	4.6	4.5	7.1	6.8	6.5	6.9	7.7	7.9	3.3	3	3	3.8	4.3	5.8	4.8	5	6	6.9	6.8	5.3	5.2	7	7.9	7	8.8	8.6	5	5	7.2	8	4.8	8.4	5.4	4.2	7.5	3.8	5.4	8.8	6.6	8.6	10.3	9.5	8.4	6.7	3.8	4.2	6.9	4.4	11.2	7.6	7.3	3.9	4.3	3.8	9.4	5.4	8.1	9.1	6.2	9.2	6	4.5	8.1	8.5	8.7	6.4	9	7.8	8.6	5.6	6.8	5.7	8.6	9.2	4.6	8.9	7.4	7.2	9.8	6.7	5.6	5.1	7.6	5	9.3	6.6	7.1	6.4	7.4	7.2	9.4
"FBLN1"	4.3	5	4.2	4	4.2	4.6	4.1	3.5	3.8	3.9	4.1	3.3	3.3	3	3.6	4.6	3.8	3.5	4.6	2	2.3	2.6	2	3.2	3.2	2.8	4.2	3.8	3.9	3.6	5	2	2.8	3	2.3	4.1	4.8	4.5	4.2	3	3.3	5	4.8	3.2	3.5	2.8	3.2	2.6	4.5	4.8	4.2	4.8	3.9	4.7	3.2	4.1	2	3.6	4	2.3	5.6	3.8	4.9	3	2.3	3.3	4	4.2	4.4	4.2	4.5	5.2	5.1	4.1	5.5	4.1	5	2.6	3.8	4.8	4.5	3.7	4.8	4.1	4.4	4	4.5	4.8	5.3	6.5	5.1	4.5	4.5	3.5	5.2	4.3	4.4	3.9	4.9	4.3	4.9	5.4	2.8
"FBXO2"	7.9	3.3	6.7	4.2	7.4	7.6	4.2	4	5.6	4.2	5.5	5.4	6.2	4.2	7.8	4.3	3.3	6.1	5.9	5	2.3	4.8	4.2	4.6	4.7	5.9	6.3	4.3	5.8	4.5	6.6	4.4	4.2	3.3	3.2	4.6	6.3	6.7	6.2	3.2	5.8	5	2.6	4.8	7.2	2.8	6	1.6	5.9	3.9	8.2	7.1	4.9	6.9	6	3.8	2.3	5.9	6.8	2.6	4.5	6.5	5.8	4.3	3.6	4.8	4.1	4.8	2.8	6.6	3.9	5.1	5	5	5	3.5	5.5	6.2	4.2	7.8	4	4.5	6.5	2.8	5	6	3	4.5	2.8	6.9	7.2	7	5.4	6.4	4.3	5.5	5.6	6.4	5.7	4.4	6.5	5.5	6
"FCGRT"	8	8.2	7.5	8.1	7.7	8.5	7.5	9.2	7.7	7.5	8.4	8	7.5	7	8	8.6	7.7	8.5	7.8	8.2	6.3	4.3	6.6	6.4	7.6	7.5	7.7	8.4	7.7	7.4	9.7	7.2	7.8	7.8	8.2	7.8	9.5	9.1	8.6	8.2	8.2	7.8	7.8	8.1	9.1	7.2	8.3	6.8	8.1	8.8	9.5	8.8	8.1	9.3	8.4	8.4	6.3	8.1	8.7	7	9.2	7.3	8.8	7.1	8.1	6.6	8.9	8.4	8.3	9.1	7.6	9.1	8.5	7.9	8.9	8.6	8.4	7.3	8.1	9.2	9	8.1	8.4	8.2	8.9	8.3	8.8	8.7	9	8	9.3	8.6	8.5	8.3	9.3	6.9	7.5	7.7	8	7.6	7.1	9.1	7.3
"FHL2"	8.8	7.4	9.2	8.2	9.9	10.1	8.9	7.7	8.5	8.8	9.9	8.5	8.8	8	8.7	9.6	7.3	10.2	9.1	6.2	6	7.7	7.6	7	8.5	8.1	8.4	7.6	8.9	8.6	8.8	7.8	7	7.1	7.7	9	8.4	10.5	10.1	7.5	8.7	9.5	7.7	9	8.2	6.9	7.4	4.7	8.4	8.5	9.3	9.8	8.2	9.4	7.7	7.2	6	8.7	9.4	6.9	8	8.5	9.4	6.9	6.9	7.9	7.1	8.1	7.1	8	9.2	9.2	8.8	9.9	10.2	7.5	9.6	8.6	6.3	9.9	8.5	8.8	7	8	9.2	8.7	8.1	8.5	8.4	9.6	8.8	10.7	8.8	9.2	8.1	8.2	8.3	9.3	8.5	7.9	8.6	9.4	7.7
"FKBP14"	6.9	5.6	5.7	6	6.5	7.4	6.8	5.5	6.5	5.9	6.4	4.9	6.2	3.9	6.3	6.6	4.7	6.1	7.6	4.9	4.5	4.9	4.2	3.2	4.7	6	6.1	5.2	5.9	6.4	6.9	4.6	5	5.2	6	5.9	6.5	6.7	5.9	5.2	5.5	7	5.5	6.9	6.8	4.6	5.3	5	6.6	6.7	7	7.4	6.2	6.5	6.1	5.1	4.3	5.9	6.7	5.2	6.9	5.6	7.1	4.4	4.8	5	6	6.2	5.6	6.6	6.8	7	6.4	6.4	7.6	5.6	6.8	4.8	5.4	6.5	7.1	6.8	5.8	5.3	6.6	6.3	5.9	7	7.6	8	7	7.2	6.4	6.5	7.6	6.2	6	6.5	6.8	5.7	7.1	7.3	6
"FLNA"	10.8	10.2	10.9	11.1	10.9	12.8	11.1	10.7	11	10.1	11.3	9.7	11.1	9.8	10.7	12.3	9.9	10.6	11.1	9.4	8.5	9.1	8.5	8.6	10	10.5	10.7	9.5	10.6	9.8	11.3	9.1	9.5	9.7	10.3	10.7	11.5	12.1	11.5	9.7	10.2	10.9	9.5	11.2	10.5	8.2	9.3	8.4	11	10.7	11	13.3	10.8	12.2	11.1	9.9	8.2	10.3	11.2	9.4	11.5	10.6	11.4	8.6	9.8	9.7	9.8	10.4	10.1	10.9	11.2	11.4	10.7	12.3	11.6	9.5	10.9	9.2	9.1	12.1	10.9	11.3	8.7	10.6	11.4	10.8	9.7	9	11.2	11.6	11.1	12	11.7	10.5	10.7	9.6	10.4	10.5	9.6	10.5	10	11	9.9
"FOSL1"	6.3	7.2	8.2	8.4	7.1	9	9.5	4.5	7.4	7	7.4	6.3	7.3	5.3	6.9	9.1	5.8	6.9	9	4.6	6	6.9	3.9	5.3	5.7	7.7	7.5	5.3	8	7.4	5.9	4.8	6	5.4	5.2	8.1	6.3	6.8	7.1	5.2	6.1	7.7	6.2	8.4	6.2	4.3	6.6	4.7	7.2	7.9	7.1	8.1	6.5	7	8.3	5.7	4.3	6.7	8.5	5.5	5.8	6.8	7.2	4.5	5.5	4.6	4.7	5.6	6.6	8.2	8.5	8.1	8.1	9.1	7.6	6.2	9.4	7.3	5.8	8.6	7.5	8.9	4.8	5.8	8.9	7.9	5.7	5.6	6.5	7	7.8	9.1	8	8.4	7.3	6.6	8.5	7.1	6.9	6.3	7.6	7.4	7.8
"FST"	6.4	5.9	10.2	8.9	10.1	10.5	9.7	6.8	9.4	8.9	7.9	6.1	8.7	4.3	7.6	9.4	5.9	7.3	11.6	5.6	7.2	6.7	6.1	6.6	6.4	8.7	7.4	7.3	8.8	9.6	9	7.1	8.2	5.2	5.8	8	7.4	8	7.6	6.1	8.3	10.9	5.3	9.4	5	7.5	5.1	8.9	5.1	10.1	6.2	7.4	7	6.3	7.4	7.3	3.3	7.1	7.7	4.6	6.6	5.9	8.8	6	6	6.3	5.6	5.5	6.8	7.2	8.1	9.6	9	6.8	10.7	6.2	10.1	8.5	3.9	9.3	9.4	9.1	5.7	7.1	8.9	5.7	7.2	9.2	10.8	10	11.1	12.1	9.3	10.8	8.6	9.1	8.4	8.3	4.2	6.9	10.2	10.2	9.1
"FUCA1"	5.3	4.8	3.5	5	3.5	4.5	3.5	4.7	3.5	3.9	5.5	5.7	4.2	2.3	4	5.2	4.2	5	5.2	5.8	2.6	3.5	1	3.2	2.3	4.4	2	2.3	3	5	5.6	2.6	2.6	5.8	6.1	4.5	5.8	5.1	4.1	4.5	4.9	6.2	3	4.5	5.1	2.8	4.2	3.9	3.5	5.4	7.3	6.3	4.7	4.6	5.9	3	2	3.7	5.8	2.8	6.1	4.5	4.5	2.3	5.3	4.1	2.8	3.2	5.5	6.6	3.9	5.8	4.2	4.6	4.6	3.7	4.6	4.8	4.2	4.6	5.7	4.3	5.2	3.7	5.4	5.2	3.3	3.8	7	4.5	7.6	5.2	4.9	4.4	5.9	3.2	5.2	5.4	5.3	3	5.5	5.7	4.9
"GALNT6"	7.2	6.3	7.8	6.4	8.1	8	9	8.1	7.2	7.9	7.2	6.6	7.9	4.9	6.1	7	6.2	6.5	7.6	5.2	5.8	3.2	4.4	4.5	5.1	7.4	7.4	4.7	6.3	6.6	6.8	6	5.6	6.8	7.7	9.5	6	6.2	5.6	5.2	7.3	8.3	6.3	6.9	8.4	3.6	6	5.8	8.1	6.9	8.6	8.5	5.8	7.3	8.4	6.2	3.3	8.5	8.9	4.2	8	8.6	7.5	7	5.5	7.8	5.9	6.2	6.8	6.6	7.6	7.7	6.9	8.1	5.9	5.5	7.6	7.1	6	9.3	7.3	8.7	5.6	7	7.4	8	5.4	5.5	8.6	8	8.9	8.8	7.9	6.9	8.7	6.5	7.9	8	7.5	7.3	8	7.9	7.8
"GATM"	7	7.5	6	5.6	4.5	5.8	5.2	6.6	5.4	4.6	6.7	7.1	5.4	6.9	6.3	5.2	4.9	7.5	7.3	6.7	5.5	2.8	3.8	4.5	8.6	5.2	5.6	4.6	4.6	6	7	5.2	5.9	5.9	6.2	5	9.7	10.3	10.3	7.1	6	7.9	4.6	7	5.9	6.9	6.9	5	5.1	8.5	7	7.1	7.7	7	7.5	6.6	4.4	5.8	6.2	5	7	5.1	6.8	5.6	5	6.8	5.1	5	7.1	7.6	5.1	7.8	7.6	6.3	6.8	6.1	6.2	6.4	6.6	5.5	7.9	7.2	8.2	8.6	6.1	7.2	6	7.4	7.5	7	7.2	5.7	6.1	5.2	6.2	2.8	6.9	6.2	6.8	6.2	7	6.8	5.6
"GCHFR"	6.2	5.8	7.7	7.1	5.2	5.8	5.4	7.3	5.9	6.2	5.7	7.3	6.8	5.1	6.5	6.5	6.3	6.6	5.8	6.6	5	6.3	3.2	4.2	6	4.5	5.5	4.7	5.4	6.6	5.9	5	6.2	6	6.2	5.7	7.5	7	7.2	5.1	5.7	7.4	6	5.2	7.9	5.5	7.7	5.6	5.2	6.3	8.6	6.1	7.2	7.7	7	5.7	3.8	6	6.2	4.2	6.8	5.5	6.8	5.4	5.7	5.7	5.3	4.7	5.8	7.8	6.2	7.8	6.4	7.3	5.7	6.3	5.4	5.2	5.1	5.9	8.1	6.6	7.2	5.8	7.4	6.6	6	6.7	8.5	6	6.5	5.6	5.3	5.6	7.9	4.6	6.6	6.8	6.6	4.6	6.9	6.4	6.3
"GIMAP4"	6.5	6.4	5	6.4	5	7.1	5.3	5.6	6.4	5.2	6.6	6	5.4	4.9	5.9	6.2	5.9	6.1	5.9	6.6	2.8	3.6	1	4.8	4.1	5.8	4.7	5.3	5.4	5.7	7.8	4.8	4.2	6.5	7.2	6.2	7.8	7.1	5.6	6.2	5.8	6.5	4.9	5.8	6.3	4.2	5.4	4.6	5.8	6.4	5.3	7.2	6.1	6.7	6.6	4.9	4.5	5.1	6.8	4	7.5	6.2	6.8	4.5	4.8	4.6	6.3	6	6.5	7.6	6.1	7.1	5.8	5.9	6.7	6.4	6.8	5.2	6.2	7.6	6.5	5.4	6.6	5.7	6.5	6.8	5.1	6.5	7.5	6.2	8.9	6.8	6	6.5	6.5	5.2	6.2	6.7	6.4	5.4	5.7	7	5.6
"GIMAP5"	5.3	5	3.8	5.2	3.9	5.9	3.8	4	4.9	3.8	5.3	4.8	4.3	3.7	5.2	5.5	5.1	4.2	4	5.4	3.5	2	2	3.7	4	4.8	3.6	4.6	4.9	4.2	7	2.8	3.7	4.5	5.5	5	6.3	5.8	5	5.2	4	5	4	5	5.6	4.2	4.5	3.9	4.8	5.1	4.2	6.2	5	5.8	5.4	3.6	2.6	3.6	5.6	2.6	6.4	4.9	5.3	2.8	4.5	3.5	5.6	4.9	5.2	5.9	4.6	6	4.9	4.9	6.1	5.7	5.8	3.2	5.4	6.7	5.8	4.8	5.4	4.8	5.5	5.5	4.2	5.6	6.5	4.8	7.9	5.9	5.8	5.3	6	4	5.3	5.8	5.2	3.8	4.4	6.1	4.2
"GIMAP6"	6.5	5.7	4.7	5.4	4	6.5	4.8	4.6	5.6	4.3	6.1	5.5	5.2	4.3	6.2	5.7	4.9	5.7	5.5	6.2	3.2	1.6	3.2	3.6	4.5	5	4.2	5.3	4.8	4.7	7.5	4.2	3	4.9	6.2	6.2	7.3	6.3	5.2	5.6	5.4	6	4.5	4.7	6.4	3.5	5.3	3.6	5.2	5.8	4.2	7.2	6	6.8	6	4.5	3.8	4.6	6.3	2.3	7.1	5.5	6	4.2	4.5	3.7	5.4	5.5	5.8	6.9	5.5	6.5	5.1	6	6.2	5.6	6.6	5	5.4	6.7	5.6	5.1	6	4.5	5.8	5.7	4.6	5.3	6.3	5.9	7.8	5.9	5.9	5.6	6.1	3.9	5.6	5.6	5.3	5	6.2	6.1	5.2
"GLTSCR2"	10.2	9.4	10.3	9.1	8.6	9.2	8.5	9.8	9.1	9	9.8	9.5	8.6	8.1	10.2	10.1	9.3	8.9	9.3	9.2	7.8	8.8	7.2	7.3	8.7	8.7	8.2	8.2	8.9	9.4	10	7.7	9.6	9.9	10.5	9.3	10.3	10.1	10.2	8.1	8.6	10.3	9	9.8	9.5	8.2	9.1	8.1	9	9.5	10	10.1	10	9.9	9.7	9.7	6.4	9.3	10.1	9	10	8.6	10	8.1	9.5	7.8	8.9	8.7	9	10.7	10.2	10.7	10.2	10.2	9.9	9.2	9.6	8.3	8.5	9.4	10.6	9.8	9.5	10.3	10.1	9.9	8.9	9.7	9.5	9.5	10.5	10.2	9.9	9.6	10.8	8.1	9.3	9.1	8.9	9.4	9.6	10.1	9
"GPR171"	4.6	4.8	4.2	4.1	3.6	4.9	3.3	3.3	3.9	3.7	4.5	4.2	2.8	3.7	4.1	4.9	4.8	4.4	3.7	4.7	2.3	2.8	3.2	2.3	3	4	2.6	2.6	4	3.9	4.6	3.7	2.6	4.6	5.1	4.5	5.3	4.5	3.8	3.6	4.6	4.5	2.6	2.8	4.5	3	4	2.6	3.8	4.8	3	5.7	4.2	4.9	4.2	3.3	3.3	2.8	4.5	2	5.2	4.8	4.6	1.6	3.2	2.6	3.5	3.5	4.6	5	4.1	4.5	3.9	4.9	5	4.9	4.5	2.8	3.6	4.8	3.3	2.3	4.2	3.2	4.2	4.5	3.9	4.5	5.2	4.9	6.4	4.8	3.3	4.2	4.6	3.3	4.3	3.9	4.6	2.8	3.2	4.8	2.8
"GZMH"	6.8	4.9	4.2	5.3	4.4	5.6	4.5	4.2	5.3	4.1	5.4	5.5	4.1	3.8	5.1	6.2	5.2	6.4	4.9	5.8	3.7	2.8	3.5	4.5	4.1	4.1	3.5	4.2	6	4	6.8	3.7	3.6	4.5	4.9	5.4	7.6	6.8	5.1	6.2	5	5.6	3.8	4.4	5.4	2.8	5.6	4.5	4.9	5.5	4.5	6.6	5.7	5.2	5.5	3.7	3.3	4.3	5	3.9	6.2	5.1	4.2	4	4.9	3.9	5.8	4.3	5.8	5.6	5.3	5.8	4.3	5.7	5	5	4.9	4.7	5	5.2	4.8	4.2	5.7	3.9	5.2	5.5	3.8	6.3	5.5	5.3	7.8	5.9	5.6	5.5	5.2	4.2	4.5	4.5	4.8	3.2	4.8	4.9	4.5
"GZMK"	6	4.9	5	6	4.6	5.8	5.6	4.7	5.4	5.3	6.2	5	4.6	4.1	5.4	5.6	4.8	5.4	5.5	6	3.2	4.2	3.7	4.2	4.7	5.1	3.6	4.3	4.7	4.4	6.4	4.5	4.4	5	5.5	5.6	6.7	6.1	5.6	5.1	4.4	5.4	3.7	4.8	5.3	4.2	5.9	3.5	4.9	4.2	4.5	6.6	5.3	5.8	6.4	3.9	3.8	5.4	6	3.6	5.9	6.1	5.4	3.6	4.6	5.4	4.9	4.1	6.1	6.6	5.6	6.5	5	6.4	6	5.4	6.3	4.3	4.6	5.8	5.5	5.2	4.9	4.9	6.3	5.9	5	7.1	6.1	5.6	8.3	7	5.1	5.4	6.1	3.7	5.8	6	5.2	4.4	5.7	5.7	5.6
"HIF1A"	9.2	9.7	10.1	8.8	9.5	10.4	9.3	7.5	9	9.3	9.2	8.7	8.9	7.9	8.9	10.4	7.6	9	10.2	8	7.8	9	6.8	6.2	7.8	8.7	9.6	7.4	8.8	9.5	9.6	6.9	7.1	8.2	9	10.9	8.7	9.2	9.1	6.9	8.6	11	8.2	9.5	11.4	7.6	8.6	9.7	8.3	10.2	11.2	10.8	8.2	11.1	9.2	8.5	6.4	10.1	9.8	7	10	9.6	10.2	8.3	8	8.6	9.2	9.6	8.9	10.7	9.7	10.2	9.3	10	9.9	9.1	10	7.8	7.1	10.9	9.5	10.2	7.5	7.9	9.9	11	8.4	9.9	11.2	10.2	10.5	10.9	10.5	9.9	10.4	8.7	10.3	10	10.1	9.4	10.8	10.7	9.1
"HK2"	9.1	8.8	9.4	9.5	8.8	8.8	9	8.6	7	8.6	7.2	7.5	9	5.9	8	9.4	7.4	9.2	9.4	6.9	7.9	7.8	4.5	5.2	7.7	6.9	6.9	6.3	9.7	9.2	8.8	6	8.2	7.3	7.9	9.5	9.7	9.7	9.1	6.8	7.3	10.8	8	9.2	7.6	7	8.5	8.5	8.5	9.7	10.7	9.8	8.2	9.2	9.6	7.6	5.6	9.5	9.9	8	8.5	9.2	9.2	7.4	8.2	8.2	7.9	6.2	8.1	9.6	9.7	9.1	10.6	8.5	10.1	8.1	9.9	7.4	6.7	8.6	8.7	9	8	9.2	9.7	8.9	6.1	8.3	10.5	9.4	9.4	9.8	8.7	8.3	9.9	8.2	10.8	8	8.5	7.9	10.4	9.3	9.3
"HLADMA"	9.6	7.3	6.8	7.3	6.9	9	6.3	6.7	7.4	7.1	8	7.5	6.9	6.3	8.9	7.4	7	8.2	7.7	8.3	3.6	4	5.4	5.9	5.4	6.8	6.1	7.2	7.3	6.3	9.6	6.1	4.6	8	8.6	7.8	9.2	8.5	6.9	7.6	7.7	8.3	6.5	7.4	9.3	5.8	8.5	5.7	7.2	8.2	6.9	10	8.1	10	8.1	6.9	5.4	6	7.8	5.2	9.2	8.2	8.7	6.6	7	4.9	7.7	7.4	9.3	9.7	6.7	8.5	7.1	9.7	9.1	8	9.4	6.6	8	8.4	8.4	6.2	8.5	6.4	8.2	8.2	7.3	8.6	8.8	8.2	10.6	8.6	8.2	9.7	8	6.2	7.3	8	8.7	6.6	7.7	8.5	6.5
"HLADMB"	8.5	6.7	5.7	6.5	5.8	8.3	5.5	6.1	6.2	6.2	7.3	6.8	6.2	5.2	8	6.9	6.8	7.6	6	7.6	3.8	4	4.5	5.3	5.7	5.9	5.4	6.5	6.6	5	8.9	5.2	3.9	7.6	8.5	7	8.6	7.8	6.6	7	6.2	6.6	5.8	6.5	8.3	4.6	7.5	5.3	6.7	7.3	5.1	9.1	7.3	9.2	7.9	5.6	4.4	5.5	7.3	4.8	8.6	7.4	8.1	5.9	6.1	3	7	6.7	8.4	9.1	6.3	8.1	6.2	8.7	8.1	7.8	7.9	5.4	7.3	8	8	5.6	7.8	5.8	7.6	7.6	6.6	6.9	8.1	7.3	9.5	7.8	7.2	8.3	7.2	5.6	6.2	7.1	7.6	6	6.3	7.7	5.2
"HLADOB"	5.9	6	5.2	6.2	4.5	5.9	5	4.7	5.8	4.2	5.5	4.9	4.7	4.3	5	5.9	4.6	5.3	5.4	5	3.9	3	3.5	2.3	4.5	4.3	3.9	2.8	4.4	4.8	5.4	3	3.9	6.1	6.9	5	6.5	6.1	4.5	4.6	4.4	6.1	4.5	4.9	4.2	4.2	5.2	4.6	4.3	5.4	4.8	6.8	6.7	6.4	5.6	4.2	3.6	3.6	5.4	3	7.2	5.6	4.6	3	5.8	3	5.9	4	5.4	7.2	4.4	6.1	5.1	5.2	5.3	4.4	6.8	4.5	5.6	4.6	4.5	4.5	5.3	3.8	6.5	6	4.2	4.8	5.5	6	8.4	5.5	5.3	5.7	6.1	4.3	6.4	4.8	6.2	3.7	5.5	6	5.8
"HLADPA1"	10.9	9.1	7.5	8.3	7.4	10.7	7.6	8	7.8	7.1	9.4	9.1	8.1	6.2	10.2	8.9	8.2	9.3	8.8	9.3	5.6	4.4	6.7	7.1	6.9	7.8	6.7	7.9	9	7.5	11.1	7.3	5	8.4	9.2	8.8	11.2	10.2	8.4	9.5	7.9	9.2	8.5	8.5	10.3	6.1	9.5	6.9	8.6	9.4	7.1	11.2	9.1	11	9.6	7.9	6.5	7.4	9.4	6.8	10.4	9.5	10	7.9	8.8	5.8	8.4	8.6	9.8	10.7	8.4	10.2	8.5	10.6	10.3	9.4	10.2	6.9	9.4	10.4	10	7.6	10.3	7.8	9.3	10.2	8.4	9.3	10.7	9.9	12	10	10.1	11.1	9.4	7.8	8.7	9.6	10	8.4	8.8	9.6	7.8
"HLADPB1"	10.1	8.5	6.6	7.6	6.6	10.2	6.8	7.6	7.3	7	9	8.2	7.6	5.7	9.4	8.4	7	8.1	8	8.8	4.5	3.2	5.8	6.3	6.2	7.5	6.7	7.5	8.3	7.6	10.4	6.6	4.4	8.7	9.2	8.4	10.4	9.7	7.7	8.5	7.7	9.6	7.5	7.7	9.6	5.8	8.8	6.4	8.3	8.8	6.6	10.5	8.3	10.9	9.3	7.3	5.7	6.7	9	5.9	10	9.3	9.2	7	8.4	5.4	8.2	8.3	9.2	10	7.5	10	7.9	9.9	9.6	8.4	9.2	7.1	8.6	9.3	9.6	6.9	9.5	7.2	9	9.7	7.3	9.2	10.1	9.5	11.6	10.1	9.6	10.2	9	7.6	8.1	9	9.9	8.3	8.2	9.6	7.7
"HLADRA"	13	11.2	10	10.7	9.9	13	9.6	10.4	10.4	10.2	11.8	10.8	10.3	8.4	12.5	11.1	10.3	11.6	11.2	11.8	7.9	6.5	8.7	9.8	9.2	10.3	9.5	10.8	11.2	10	13.5	9.8	7.7	11.3	11.9	11.7	13.2	12.4	10.7	11.4	10.3	12.1	10.3	10.8	12.7	8.5	11.8	8.8	11.1	11.8	9.2	13.8	11.4	14	11.7	10.2	8.4	9.6	11.9	8.7	12.9	12.1	12.5	10.3	11.1	7.8	11.2	11.2	12.4	13.3	11	12.2	10.8	12.9	12.7	11.8	12.8	9.9	11.4	12.4	11.8	10.1	12.4	9.9	11.7	11.9	10.7	11.9	13.2	12.2	14.5	12.8	12.4	13.6	11.8	10.8	11	12.1	12.6	11.2	11.6	12.2	10.2
"HOMER3"	9.9	8.2	9.7	8.2	8.9	9.9	8.6	6.9	9	8	9.1	7.3	8.5	9.2	9.1	8.5	5.9	8.9	9.4	7	7	8.4	6.8	5.2	7.7	8.2	7.2	7.5	9.2	7.7	9.2	8	7	6.8	7.5	9.6	8	8.4	9.4	7.5	8.8	9.1	7.2	9.3	9.3	7.4	7.9	7.4	8.4	8.4	9.8	9	7.6	7.9	8.3	7.2	6.6	9.2	9.5	5.6	8.2	8.9	8.9	7.1	7.7	7.6	7.8	7.3	7.2	8	9.5	8.8	9.4	9.3	9.2	7.4	8.9	8	6.8	9.9	8.2	10	7.6	7	8.6	8.2	7.8	7.2	8.3	9.4	8.5	10.6	8.2	8.2	8.7	7.6	8.8	7.6	8.1	7.1	8.3	8.8	7.9
"HRAS"	8.4	7.7	7.1	7.9	8.1	9	7.6	7.2	8.1	7.4	8.8	8	7.6	6.6	7.1	8.7	7.2	8.2	8.8	6.6	7	6.4	5.6	4.8	7.1	6.5	6.5	5.9	7.3	7.4	7.2	4.9	7.2	6.7	7.4	9.4	8.2	7.9	8.6	6.3	7.4	9.1	7.4	7.1	8.4	6.9	7.9	6.7	7.8	8	8.4	8.6	7.4	7.9	7.5	5.9	4.8	8	8.3	6.6	7.4	7.9	7.7	5.9	7.2	7.1	6.1	5.8	5.8	7.2	8.3	8.1	8.1	9.5	7.4	5.5	8.3	7.3	6.8	8.8	7.4	7.4	7.2	7.1	8.6	7.8	5.8	7.4	9.1	8.3	8.3	10.2	8.4	8.1	8.6	7	8.2	8.3	6.8	7	8	8.1	7.4
"ICAM2"	5.3	5.9	5.4	6.2	3.3	5.9	4.6	5.4	5.6	4.7	5.8	4.6	4.9	4.3	4.7	5.9	4.2	4.8	6.1	5.8	3.2	3.6	2	3.7	3.9	5.6	5.2	5	4.4	5.5	6.2	4.2	3.2	5.4	6	5	6.4	6.3	5.1	4.6	4.9	5.9	4.1	5.9	4.9	3.8	5.1	3.9	4.5	5.8	5	6.3	6.5	6.7	6.1	6	3.7	4.9	6.1	3.6	7.8	5	5.6	3.6	4.8	4.1	6.8	6.2	5.5	6.9	5	6.9	4.7	4.6	6.4	5.9	6.5	4.6	7.3	6.1	6.2	4.9	4.7	5.2	6.9	6.3	4.7	5.9	6.4	6.1	8.3	6.7	5.6	5	6.9	4.6	6.2	5.9	5	6.3	6.8	7.1	7
"ICAM3"	5.7	5.9	4.4	5.6	3.9	5.5	4.5	4	5.7	4	5.6	5.5	4	5	4.6	5.2	4.5	5	6.1	5.9	3.5	3.8	3.3	2.6	4	4.6	4.6	4.5	4.5	4.5	5.4	3.5	2.3	5.6	6.3	5.1	6.2	6.7	5.5	4.3	4.1	5.5	4.2	5.9	4.9	3.3	5.5	3	4.1	5.8	6.8	6.1	6.4	6.3	5.9	4	2.6	4.5	5.8	4.6	8	5.3	5.7	2.8	4.2	3	6.4	5.4	5.6	7	5	6.8	4.8	4.5	6.5	5.8	6.2	4.3	6.1	6.2	5.8	5.1	4.5	4.2	5.7	6	3.9	5.8	5.4	5.4	8.1	5.6	4.4	4.6	5.4	4.5	6	5.2	4.8	5.4	5.5	5.8	6.3
"ICOS"	5.8	5.5	4.1	5.4	4.5	5.9	4.9	4.4	4.8	5	5	5.5	4.6	4.5	3.7	5.2	4.8	5.6	5.5	5.4	4.1	4.2	3.6	4.2	3.6	4.5	4	3.9	3.9	4.6	5.2	4.6	4.2	5.5	5.9	5.7	6	6.1	4.4	4.3	5.2	6.5	4.6	4.5	5.1	4	5.2	3.9	4.5	5	4.1	6.2	4.9	4.6	4.8	3.2	3	4.9	5.2	4.2	6.5	5.7	5.5	4	4.8	4.2	4.3	4.8	5.4	6	4.5	6	4.2	5.6	6.2	5.1	5.1	4.2	4.9	5.7	5.4	5.3	4.3	4.5	5.4	5.1	4.1	5.3	5.5	5.7	8.2	5.8	4	4.3	5.9	3.9	4.9	4.5	4.5	4.4	5.2	5.5	4.6
"IDO1"	11.2	8.3	6	5.9	5.4	10.1	5.7	5.5	6.5	6.4	6	6.5	7.1	4.9	11.6	9.2	7.8	10.7	7.6	6.9	6.8	3.2	5.7	5.6	5.6	5.2	4.9	6.7	8.9	5.5	9.3	5.1	4.2	6.4	7.4	9.7	10.4	7.8	6.8	6.5	6.9	7.6	5.5	6.5	11.2	6.3	9.5	2.6	9.3	6.2	8.2	9.7	5.6	9	6.2	4.1	5	4.8	6.9	4.3	8.6	8.1	6.4	5.5	5.7	4.9	5.1	6.2	11.3	8.1	5.9	6.3	4.9	9.5	7.8	10.3	9.6	9.8	7.3	8.5	5.5	5.8	7.7	4.7	6.1	6.4	6.9	7.7	7.7	6.3	11.2	8.3	5.3	8.6	7.4	7.4	6	8.1	9.2	5	5.3	6.9	5
"IFNG"	4.7	3.5	2.6	3.3	2.6	4.8	2.3	2.6	3.5	2.8	3.8	3.2	3.7	0	3.6	4.7	2	4.1	3.2	3	1	0	0	1	2.8	2.3	2	2	3	3.2	4	1	3.3	2.6	1	3.8	4.8	4.2	3.7	3	2	4.4	1	3	4.1	1	3.9	2.3	2.6	3.6	3.3	4.5	2.6	4.2	1.6	2	0	1.6	3.6	2	3.7	3.9	3.6	1.6	2.8	1.6	1	0	4.5	3.6	3.7	4.1	2.8	5.4	3.9	3	4.2	3	3.3	4.6	3.2	3.5	2.3	2	3.5	1	2.6	4.6	4.2	4	6.2	5.3	3.6	5.3	4.6	2	3	3.5	3.2	1	3.7	3.3	3.5
"IGF2BP2"	8.1	6.8	10.1	8.4	7.8	9	7.3	8.8	7.3	6.6	7.8	5.2	7.8	5.6	7.3	8.8	5.3	8.1	9.3	6.6	7.9	7.6	4.8	4.4	5.9	6.8	7.6	5.7	8.8	8.8	8.4	5.8	7.6	5.1	5.5	8.5	6.3	6.5	7.7	4.9	6.9	8.9	5.2	8.5	6.9	7.7	7.3	8.9	8.3	8.6	7.4	8.3	7.2	6.8	8.8	6.4	3.6	9.7	8.4	4.6	6.1	6.1	8	5.7	7.1	7.6	7.3	6	5.3	6.9	8.7	9.2	9.7	8.2	8.2	7.3	8.7	7.4	5.8	8.2	8.6	9.7	7.4	7	9.1	5.6	6.6	5.6	10.8	10	8.3	9.2	8.4	9.2	9.7	7.6	8.9	8.3	6	7.7	8.8	9.6	7.7
"IGJ"	8.2	11.5	5.5	10.1	5	9.1	8.9	8.2	10.7	5.3	8.5	11.2	6.2	4.7	7.8	8.7	9.3	8.4	11.3	10	5.4	3.8	3.5	6.2	7.5	9.5	4.7	6.9	7.3	11.1	9.1	8	8.9	8.7	9.4	9.6	11.1	11	8.9	5.9	8.5	10.6	8.1	10.2	8.2	4.2	9.7	3.2	7.5	12.1	9.8	11.8	13.5	12.1	11.2	8.7	4	7	11.1	7.2	12.9	9.1	9.6	5.4	6.7	4.9	11.4	7.4	9.8	11	7	13.2	6.9	5	10.9	9.8	11.7	10	10.2	11.1	13.8	6.4	10.3	5.1	10.8	11.6	4.8	10.9	10.1	9.1	12.2	8.6	8.9	9.4	12	7.7	14.7	9.1	10.7	11.4	11.2	11.3	11.8
"IL10RA"	8	8.1	6.4	7.9	6.9	8.1	6.9	6.4	7.3	6.9	7.7	7.7	6.8	6.6	7.5	8.2	6.5	6.8	7.5	8.1	5.6	4.5	4.7	5.8	6.3	7.4	5.9	7	7.2	6.4	8.6	5.9	5.2	8.1	8.8	8.3	8.9	8.6	7.6	7.4	7.8	8.1	5.6	7.1	7.6	5.1	7.7	5.6	6.7	8.1	6.6	8.9	8.5	8.6	8.2	6.4	5.9	6.7	8	4.9	9.1	8.1	8.5	6	6.5	6.5	8.3	7.2	8.5	8.6	7.3	9	7.5	8.4	8.7	8.5	8.1	7.1	7.7	8.8	8.2	7.2	7.4	6.2	8.3	8	7.3	7.6	8.3	7.7	10.4	8.3	7.8	7.3	7.9	6.4	8.2	7.2	7.6	6.4	7	8.3	7.3
"IL11"	6.6	7.6	7.4	7.7	7	7.9	7.3	6.4	7.6	7.1	7.2	6.5	6.3	6.1	5.9	9.4	5.9	6	8.6	5.8	5.9	5.4	5.9	7.4	6.2	6.2	8.6	7.2	7.7	7.1	6.9	6.6	6.3	6	5.9	7.9	7	8	7.2	6.4	7	7.3	6.1	7.5	5.5	5.4	6.3	5.7	7	7.3	7.1	7.1	5.8	6.9	6.8	6.2	5.6	7	7.6	6.2	8.2	5.9	7.8	5.5	5.8	6.6	8.3	9.7	6	6.4	7.1	8.2	6.9	6.6	8.4	7.1	8.1	5.8	6	7	6.9	9.2	5.3	6.2	7.3	5.9	6.4	5.6	6.7	6.8	6.9	7.9	6.2	6.5	6.4	5.7	6.5	5.8	5.6	8.9	6.3	7.5	6.7
"IL17A"	3.5	4.2	3.6	3.8	2.8	3.9	3.5	2.6	3.9	3.6	2.8	3.5	3.7	2.3	2.8	3.8	2.3	4.2	4	3.2	2	2.6	2	0	3	2.6	2.8	1	1.6	4	4	2.8	1.6	2.3	2.6	4.3	3.6	3.8	3.6	2	2	4.9	2.6	3.5	3.7	3.3	3	3.3	3.5	2.8	2	3.2	2.6	3.7	3.2	1.6	2.8	2.6	2.8	4	5.7	3.9	2.8	2.3	2.6	3.2	4.2	3.3	2.6	3.7	2.3	3.8	3.8	4.1	3	3.2	3.8	3.6	2.6	2	3.2	3.2	2	2.3	3.8	2.6	1.6	2.8	3.3	3.8	4.3	3.8	3.5	2	4.3	2.6	3.5	3	2.8	4.5	3.5	4.6	2.3
"IL1B"	8.8	9.3	9.8	8.8	7.8	6.7	8.4	4.8	8.5	8.4	6.5	6.4	7.1	6.1	5	11.1	5.4	8	11.3	6.2	7.8	9.4	5.8	5.3	9.2	7.9	8.8	5.2	8.7	8.2	6.8	4.9	6.6	5.5	6.3	9.6	7	10.2	10.9	5.9	7.8	10.8	3.6	10.4	5.9	4.8	7.1	3.2	5.9	7.8	8.2	9	7	7.5	6.1	5.1	2.6	7.2	8.8	7.8	10.9	6.8	9.8	4.5	5.5	4.7	9.2	10	6.9	7.4	8.5	9.1	7.6	9.9	9.8	10.1	9.9	7	7.2	6.6	6	9.9	4.6	3.5	9.1	7.2	5.1	6	7.2	8.7	9.6	9.4	6.5	9.3	8.9	11	9.7	7.9	7.2	10.4	9.3	10.1	10.2
"IL33"	5	5.2	4.6	6.9	6.3	5	4.5	6.3	6	5.2	6	5.5	4.9	3.7	5.7	5.9	5.4	7.8	5.6	5.9	4.1	3	3	4.8	4	6.4	7.8	5.9	4.5	6.9	7	4.7	3.5	6	6.8	6.2	6.8	6.9	5.6	4.2	4.9	8.3	5.2	4.2	6.4	4.1	5	3.8	4.2	6.3	6.5	8.2	6	6.1	7.2	5.9	3.8	5.4	7.1	4.6	7.9	6.2	6.8	5.3	4.5	5.6	6.4	7.2	6.5	7.6	4.3	8	4	6.3	8	7.5	8.3	4.2	5	8.1	6.9	4.1	5.4	5.1	7.4	7.3	5.3	6.6	6.8	5	8.4	6.6	6.2	4.5	6.2	4.4	5.4	7.4	5	6.1	8.2	8	7
"IRF8"	7.9	8.1	6	8.1	6.5	8.5	6.9	7	7.7	6.3	8.7	7.8	6.6	5.8	7.4	7.5	6.9	7.6	7.9	8.5	5	3.2	5.2	6	5.6	8.4	6.2	6.8	6.7	6.9	9.3	5.5	4.8	9.5	10.1	8.1	9.5	8.9	7	7.6	8.5	8.4	6.5	6.7	8.3	5.3	6.7	5.6	6.9	8.1	6.3	10	7.5	7.8	8.8	6.4	5.6	5.7	8.8	5.3	9.4	8.4	8.8	6.2	6.9	5.2	7.7	7.1	8.6	9.9	6.7	9.1	6.6	7.1	9	7.9	9.2	7.3	8.2	9	8.5	5.9	8	5.9	8.2	8.9	7.2	8.4	9.4	8.2	11.8	8.2	7.8	8.2	8.2	6.9	7.6	7.8	8.2	6.5	7.7	9.1	7
"IRS1"	5.3	6.3	6.7	5.2	5.5	7	6.3	6.2	6	5.4	6.8	4.6	5.9	3.2	5	7.1	4.6	4.1	6.7	3.8	4.1	6.3	3.7	3.8	4.5	5.1	5.1	4.8	4.9	5.9	6.5	4.3	4.5	4.6	4.6	5.5	5.5	5.2	5.7	3.9	4.5	6.3	5.8	5.5	4.3	3.8	4.6	4.1	5.7	5.9	5.6	5.7	5.2	5.7	4.6	4.8	4.3	5.8	6.8	2.8	5.5	6	5.6	4.6	4.8	5	4.6	3.8	5	4.8	6.1	6.7	5.3	6	5.5	4.5	6.5	4.4	3.3	6.6	6.3	5.8	3.8	5.4	5.8	4.9	5.2	4.3	6.8	6.6	6.3	6.7	6.9	6.8	6.2	4.5	5.6	7.5	4.4	3.9	6.1	6.9	4.9
"ITGA3"	10.4	8.7	11.3	9.1	10.9	12.5	10	9.9	11.4	9	11.3	9.4	10.4	9.2	9.8	11.9	9.2	11	11.1	9.2	8.3	9.2	8.2	7.9	8.6	9.9	10.1	9.1	11.3	9.9	11.7	9.5	9.1	8.4	9	11	9.9	10.5	10	8.4	10.4	11.8	8.5	11.6	9.6	7.3	9.2	5.5	11.3	7.9	10.9	11.2	8.9	9.9	10.2	9.2	7	10.8	10.9	6	9.5	9.9	9.5	8.7	7.8	9.6	9.2	7.9	8	10.4	10.7	9.8	10.2	10.4	11.5	8.5	11.7	9.4	9.5	12.1	9	9.8	9.2	8.3	10.7	9.4	8.1	7.6	9	11.6	11.5	12.9	11.2	10.6	10.6	11.1	10.2	11.7	8.2	9.3	10.4	10.7	10.6
"ITGA5"	7.8	8.2	9.3	8.5	9.8	9.4	8.6	8.1	8.1	7.3	8.6	7	8.2	6.3	7.5	9.8	6.4	7.1	9.2	6.5	6.3	5.4	6.2	6.3	7.1	7.9	9.4	7.9	10.4	7.9	9.8	7.3	6.9	7	7.3	8.2	8.2	9	8.5	7.3	8.1	9.5	7.3	8	8.8	6.5	6.7	6.6	8.8	8.4	8.8	9.2	6.4	8.4	8.3	8	6.8	8.4	9	5.8	8.9	6.5	9.6	6.5	7.1	7.4	8.7	8.8	7	7.8	8.9	8.8	9.3	9.4	9.6	7.3	10	7.2	7.5	9.1	8.2	9.1	6.8	7.5	8.9	8.7	7.6	7.3	8.4	10.9	9.4	10.1	9.6	9.2	9.2	8.3	8.7	8.9	8.6	9.1	7.7	9.3	8.3
"ITGAL"	6.5	6.4	4.4	6.6	4.4	6.5	4.6	4.9	5.2	4.8	6.3	6.5	4.7	3.5	5.3	6.3	5.1	6.2	5.9	7.5	3.9	2.8	2.6	4.3	4	6.2	2.6	4.6	5.4	4.3	7.3	4	3.7	6.7	7.9	6.5	8	7.2	5.2	6.2	6.2	6.4	3.8	4.9	6.5	3.9	6	3.5	5.6	6.4	4.2	7.7	6.4	6.6	7.1	4.6	3.3	4.4	6.8	3.2	7.9	6.3	6.3	4.2	5	3.6	6.5	5.6	7.4	7.5	4.1	7.4	5.1	5.5	6.5	6.5	6.8	4.5	6.4	6.8	6.5	5	5.5	3.7	6.6	6.6	4.9	6.9	6.8	6	9.9	6.2	5	6.2	6	4.4	6.3	5.4	5.9	5.3	5.5	6.7	6.2
"ITGB1"	10.8	9.4	10.3	9.5	10.3	11.2	10	9.9	10.2	9.1	10.7	8.7	9.8	9.2	10.5	10.5	7.6	9.6	11	8.1	7.9	8.5	7.4	7.1	8.1	9.1	10.4	8.8	10.1	10.4	10.7	8	7.7	7.8	8.5	9.5	10.4	10.2	9.7	8.5	9.4	10.9	8.6	9.6	9.5	8	8.5	9.1	10.1	10.1	11.1	10.9	9	10.7	9.8	9.1	7.8	9.2	10.3	8.3	10	9.2	10.6	7.3	8.8	8.5	9.3	9.7	8.6	9.9	10.2	10.5	10	10.4	11.4	8.8	9.8	8.7	8.1	10.8	9.9	10.1	9	9	10.1	10.1	9.4	9.7	12.2	12.3	11.2	12.2	10.8	10.8	11	10.4	10.2	11	10.7	10	11	11.1	10.1
"ITGB7"	6.2	6.7	6.3	6.7	5.7	6.4	5.2	4.8	6.2	4.9	6.8	6.8	4.9	4.2	5.2	6.2	5.4	6	6.4	6.4	4.5	4.8	3.6	4.2	5.6	5.6	5	4.8	6	5.7	6.9	4.1	4.8	5.8	6.6	6.6	7.9	7.6	6.9	5.6	5.8	6.4	5.6	5.3	6.1	4.5	6	3.9	5	6.2	6.6	7.9	7.1	7.1	6.3	5.4	3.8	4.5	6.9	3.6	7.4	6.2	6.9	4.5	5.4	5.1	5.2	4.6	6.8	7.2	5.5	6.7	6	6.2	6.4	5.7	7.3	5.9	6.2	7.2	6.2	5.4	5.8	4.7	6.6	6.9	4.4	5.9	6.2	5.9	9	6.5	5.2	6.9	6.6	5	6.6	6.4	6.3	5	6.6	6.5	6.2
"ITM2A"	6.1	5.7	3.8	6.4	5	6.3	5.4	6	6	4.5	7.1	5.6	5.2	3.2	5.9	5.8	5.2	5.2	6.3	6.7	3.2	3	3	3.6	3	5.5	6.8	6.1	5.4	6.7	8.3	4.1	4.2	6	6.9	5.7	6.8	6.6	4.6	5.6	5.1	7.2	5.1	5.2	5.8	3.5	5.6	4.5	4.8	7.6	5.3	7.2	6.7	6.6	6.7	5.8	3.6	4.4	6.3	4	8.1	6	6.3	4.3	5.4	4.5	6.5	6.8	7.2	7.7	4.9	8.4	6	4.5	7	5.2	6.8	4.6	5.4	6.3	7.4	4.9	6.1	6.6	6.9	7	6	7.6	8.5	7.1	9.6	6	6.3	6.3	7.5	5.4	7	5.9	6.9	6.2	7.5	7.8	6.5
"KCNS3"	6.4	6.7	5.9	5.6	5.8	5.8	4.4	7.9	4.2	5.1	4.5	4.5	3.9	3	6	5.7	4.3	5.6	7	5.2	5.1	5	1	1.6	4.8	1	4.1	3.9	3.3	5.4	4.5	3.3	6.3	3.6	4.3	5	5.5	5.7	6	3.7	4.3	6.4	3.8	5.5	6.6	5.2	4.8	6.5	4.9	7.2	5.8	5.8	6.8	5.1	6.8	6.2	3.3	4	5.2	4	6.1	3.3	6.2	3.6	6.1	4.9	5.2	4.5	5.3	5.9	4.2	5.6	7.7	5.9	5.6	4.9	4.6	3.7	3.3	4.2	5.2	7.2	4.2	6.6	5.6	5.9	4.4	6.1	8.8	7.2	5.3	5.6	3.5	5	7.9	4.8	7.2	4.9	6.3	6.1	5.5	7.4	3
"KCTD12"	6.6	5.4	3.9	5.6	6.6	6.8	5.1	5.6	6.5	6.1	6.4	5.5	5.8	6.2	6.2	6.5	5.9	5.4	5.9	5.8	3.6	2.6	5.3	4.2	5	5.4	6	6.3	6	4.3	7.6	6	5.2	6.1	6.7	6.8	7.2	6.9	6.3	6.2	6.3	5.9	5.8	6.4	5.8	5	5.6	3.2	6.7	6.7	4.4	6.6	6	6.5	6.8	5.9	4.1	4.6	6.7	3.2	6.8	5.8	6.9	5.2	5.2	5.8	6.2	6.3	5.6	6.7	5.9	7.2	5.4	6	7.2	6	6.6	6.1	5.9	7.1	6.7	6.2	6.8	5.6	6.4	6.1	6.6	5.9	6	6.4	6.7	6.1	5.9	5.5	6.6	5.6	5	6	5.7	4	4.9	5.7	6.6
"KLRB1"	4.2	5.5	3.3	4.9	4.1	4.8	3.9	4.2	4.5	3.3	5.4	5.2	3.8	3.8	5.5	5	4.1	4.8	4.9	5.8	2.8	3.6	0	3.3	3.6	4.1	2.8	3.6	5	4.3	5.7	3.3	3	5.1	5.5	5.3	5.3	4.9	4.3	3.9	4.1	6.1	3.6	3.5	4.7	4.1	5	3	3.2	5.4	4.2	5.5	5.4	5	5.9	2.6	2	3.6	5	4	6.2	5	5.2	2.6	3.8	3.7	4.7	3.9	5.5	6.9	4.9	6.4	4.3	5	5.5	5.6	4.7	4	4.2	4.8	5	3.9	4.4	4.3	5.2	6.7	3.3	5.9	5.8	4.8	7.6	5.2	3.9	4.6	6	4	5.8	5.2	5.2	5	5	6.7	4.4
"KRT1"	9.8	7.9	4.4	5.9	5.4	6.7	12.1	5.4	6.3	9.1	8.7	6.6	7.6	3.6	6.6	6.2	4.4	5.4	9.6	7.4	2.3	1.6	3	5.3	4.6	8.6	4.2	6.1	6	3.6	7.4	5.6	4	7.6	8.4	12.4	6.9	6.5	5.6	5.9	7.2	7.3	9.1	5.5	8.1	3.6	5.8	3.2	9.3	5.1	5.3	8.4	5.1	6.6	9.7	5	0	10.4	11.4	3.9	6.3	8.8	5.8	11.8	6.2	6.5	3.7	4.7	5.8	6.6	8	7.7	7.5	6	6.1	5.4	7.3	10.2	5.6	12.2	5.5	5.8	6.6	3.2	7.4	8.4	4.5	5.6	5.1	7.1	9.5	9.9	10.9	4.8	6.9	3.6	11	7.3	5	5.7	14.4	5.1	11.4
"KRT13"	8	6.3	7.3	12	5.3	3.2	10.4	4.2	9.5	6	12.8	13.8	10.2	3.2	5.4	11.1	10.1	12.5	10.1	12.4	11.5	10.4	3.7	2.8	8.8	10.8	3.2	2.6	4.4	12.7	2.8	7	10.7	10.3	10.9	12.1	11.9	11.7	10.4	10.2	13.5	15.4	11.3	3.7	7.4	9.4	12.4	10.5	6.8	12.6	12.4	13.6	10.5	5.9	12.7	5	7.1	11.6	10.2	7.8	13.2	11.3	6.1	4.6	12.9	12.5	10	5.8	12.4	13.4	7.5	13.1	10.1	9	3	9.2	8.3	12.4	7.4	9.8	12.4	10.3	13.3	7.5	13.7	9.6	5.2	10.7	11.7	6.1	13.4	6.3	8.1	10.8	12.1	3.2	11.1	13	10.9	10.6	13.8	12.4	14
"KRT16"	2.8	3	3.6	2.6	1.6	3.3	2.8	2	2.3	1	3.5	2.8	1.6	2.3	1	4.2	2.8	2	3	2	2.8	2.3	0	0	2.3	2	1	1	0	2.3	2.6	1	0	1.6	1.6	2.3	3.9	1.6	2.8	1	2.6	2.8	1	1	3.2	3	2.3	2.6	3.2	2	1	2.8	2.6	3.5	2	0	0	1.6	2.3	0	2.6	2.6	2	1	0	2.3	0	1	2	3.5	2.8	4.1	2.6	1.6	2.3	1.6	2	1	1	2.8	3.2	3.5	2.6	2.8	3.3	1.6	2.6	1.6	3.6	3.3	4.1	2.3	2	1	4.2	2	2	2.6	2.3	2.6	2.3	2.8	2.6
"KRT17"	13.2	14.8	15.1	15.6	14.3	15.6	15	14	14.9	15.8	14	13	15.5	12.9	12.3	16.3	13.4	13.8	16.5	12.3	14	13.5	12.3	12.1	14.5	14.2	13.7	11.5	13.1	15.7	13.8	12.3	14.1	11.4	12.1	16.4	14.2	15.4	15.9	12	13.8	16.1	13.2	14.6	12.8	13	16.4	8.6	15.2	10.7	14.3	16.1	13.3	16.1	14.1	12.1	8.1	16.2	16	9.9	13.6	16.6	14.7	13	10.8	15.4	12.1	11.1	12.6	14.5	16.4	14.4	14.8	17.9	14.6	13.2	15.7	14.2	12.6	15.8	13.8	16.5	11.8	14.8	15.6	13.6	12.2	12.1	12.5	15.5	15.8	16.6	15	14.5	16.3	14.2	16.5	15.1	12.3	13.7	15.6	15.6	14.8
"KRT19"	11.4	4.5	10.8	10.9	3.8	4.2	6	11.2	7.8	4.7	9.4	9.8	11.1	3.3	12	13	12.7	13.4	8.7	11.4	11.5	11.5	9.1	7.5	8.3	8.5	9	3.3	3.9	11.3	5.2	6.6	10.8	2	2.6	7.2	11.9	10.3	9.6	5.4	6	7.3	7.6	11.7	10.4	12.2	11.7	12.3	11.8	11.9	13.6	11.3	12.4	11.4	11.6	10.2	5.8	7.4	10	6.6	10	4.4	9.8	6	13	7.6	9.2	3.8	11.7	12.3	8	12	11	5.7	4.2	11.6	8.4	9.8	10.7	3.5	10.9	12.2	11.6	12	11.9	10.3	9.9	11	12.7	11.6	7.6	4.8	11.4	11.1	13.7	8.6	11.5	7.9	12.2	7.8	7.8	12.7	10.3
"KRT75"	8.1	3.2	7.9	6.9	5.7	3.9	8.5	7.2	6.5	6.8	6.3	7.3	4.5	8.6	6.8	6.9	2.3	5.2	9.3	3.3	2.8	1.6	7.3	6.3	3	8.2	5.4	2.6	3.8	5.5	4.3	4.1	4.2	5.2	5.9	8.4	3.9	6	5	2.6	5.1	6.3	3.9	5.1	4.2	4.5	3.7	6.9	5.9	4.9	7.6	7.7	4.4	3.9	4.9	2.8	1	10.5	10.9	2.6	7.7	11.5	5.8	6.3	3	6.2	4.6	2.8	3.9	4.8	6.3	7.3	2.6	7.2	3.9	3.9	7.7	5.4	2.8	10.6	4.6	7	4.1	2.3	7.2	4.2	2.3	4.5	4.2	4.2	10.3	7.8	5.3	4.8	4.2	7	8.5	5.2	4.2	4.5	9.3	6	4.5
"KRT9"	2.3	1.6	3	3.5	2.6	3.6	2.6	1.6	2.3	1	3.3	2.6	3.3	1.6	3.2	2.3	1.6	2.8	3.7	1.6	2	3	0	0	1.6	2.6	1	1.6	2	3.3	2	2.3	2.3	3.6	4.4	4	2.3	3	3.6	2.3	2	3	3.2	3.2	4.4	1.6	3.7	2	6.3	2	4.4	4	1	2	2	0	1.6	3.5	3.5	1	3	3.3	2.3	2.3	1	3.2	2	2	2.6	3.2	4.1	4.2	2.3	3.8	2.8	1.6	3.6	2	2.6	4.6	2	5.1	5.5	2	3.3	3	0	0	2.3	3.3	4.3	4.3	3.8	3.2	3.6	2.8	3.7	3	2	3.6	4.1	3.2	3.2
"LAG3"	6.4	5.8	5.9	4.8	4.2	6.7	4.5	4.2	6.1	4.6	5.3	5.2	4.2	3.9	4.8	6.7	5.6	6.6	4.5	5.5	4.1	3.5	3.6	3.8	4.2	4.2	3.8	4.8	5.9	3.3	7.1	3.5	3.5	5.2	6	5.4	7.8	7.1	5.2	6	4.8	4.9	5.1	4.1	6.4	3.3	5.2	3.8	5.2	4.7	5	7	5.5	6.2	5.9	3.2	4.2	4.2	6.1	3.2	6.7	5	5.6	4.3	3.5	3.8	4.9	4.8	5.8	5.7	4.6	5.8	3.6	6.8	5.9	5.1	6.9	4.8	6.1	7.4	4.6	4.5	4.7	4.2	5.7	5.2	4.7	5.5	5.2	5.5	8.9	6.3	5	7.5	5.6	4.7	5.4	5.6	4.9	3.9	4.2	5	4
"LAMA3"	7.6	7.5	9.4	8.4	10.7	10.4	9.1	8.2	12	8	9.8	8.6	9.2	5.9	7.3	9.9	6.3	7.9	11.5	8.2	7.1	5.9	6.7	7.3	6.7	8.5	8.4	7.1	10.2	8.7	9.8	8	7.8	7.3	8.1	10	7.8	7.6	8.3	6.2	9	10.8	7.5	9.4	8	6.7	7.1	5	9.1	7.8	9.5	10	7.4	8.4	8.4	8.7	4.2	8.9	9.7	5.1	8.4	8.6	8.6	7.4	6.6	7.2	6.3	5.6	5.8	7	10.1	8.1	9.3	9.8	10.8	6.7	10.9	9.2	7.4	9.6	6.8	9.1	6.9	7.7	9.1	6.6	5.2	6	10.3	11.3	10.1	12.1	11.1	11.4	9	11.3	9.3	11	8	7.6	9.2	9.7	11.4
"LAMC2"	9.7	10.1	11.8	12	12.6	12.1	10.5	9.7	13.3	9.6	11.7	10.2	11.9	8.9	9.6	11.8	6.4	10.2	14.3	7.5	9.3	9.8	9.2	9.4	9.2	11	11.5	8.7	11.5	11.2	11.3	10	9.2	9	9.8	10.9	8.5	11.2	10.5	8.7	11.2	12.9	10	11.7	10.1	9.4	9.3	6.4	12.1	9.3	10.3	11.4	9.2	8.5	11.5	10.1	8.3	11.6	11.8	7.2	10.7	9.4	11.4	9	9.3	11.4	8.6	8.5	8.6	7.5	12.2	10.6	11.7	11.7	13.3	10.1	12.5	10.6	10.1	11.2	8.7	13.1	8.9	8.7	12	9.4	8.5	8.9	11.5	14.9	12	13.7	12.7	13.6	11.1	12.9	11.8	12.2	10.3	11.2	11.8	11.7	13.2
"LIMA1"	8.9	8.8	9.7	8.6	9	10.3	8.9	8.3	9	8.1	9.6	8.3	8.5	7.1	8.3	10.3	7.6	8.7	9.7	7.6	7.8	8.9	7.2	6.2	7.7	8.6	8	7.7	10.1	8.9	9.7	7.7	7.8	7.1	7.9	9.4	9.2	9.6	9.1	7.6	8.2	9.8	7.9	8.5	10.1	7.9	6.9	6.7	9.2	9.6	9.9	10.2	8.7	9.7	9.2	7.9	7.1	8.9	9.7	6.3	9.3	9.3	9	6.9	7.9	8.1	7.5	8	7.8	8	9.2	9.8	9.1	9.6	9.4	7.4	9.9	7.9	7.1	10.3	9.4	9.3	5.8	8.8	9.6	9.5	8.3	7.9	10.5	9.8	10	11.2	9.2	9.5	10.5	9.2	9.3	9.9	8.7	8.2	9.7	9.8	8.8
"LMO4"	8.5	8.1	8	7.9	7.7	8.3	6.7	9.3	7.2	6.5	8.2	8	7.3	6.6	8.2	8.5	7	9.8	8.6	9.6	7.8	7.3	5.9	5.7	7.8	7.2	7.2	7	6.8	8.6	8.3	6.4	8.4	6.9	7.6	8.4	9.8	9	9.3	6.9	7.2	8.7	7.4	7.9	10.9	9.8	10.3	10	7.7	9.5	9	8	9.9	9.3	10.2	7.8	7.6	8.1	8.1	8.7	9.8	7.9	9	5.6	7.7	7.3	8	8.4	8.2	9.5	7.8	9.3	8.3	9	8.3	8.5	8.1	6.2	9.2	8.5	9	8.3	7.4	8.6	9.2	7.8	8	9.2	11.6	8.3	9.2	8.3	7.6	8.4	10.2	5.4	9.1	7.9	8.1	8.4	8	9.6	7.2
"LRIG1"	6.6	7.2	6	7.6	5.8	6.7	5.8	7.3	5.6	6	6.4	5.6	5.2	5.2	6.3	7.2	6.1	6.6	6.6	6.4	6.6	4.2	3.9	4.2	7	5.6	6.5	5.8	6	6.5	7.5	5.3	7.2	5.9	6.5	6.1	8.2	9.2	8.3	6.9	5.8	6.5	5.2	6.4	6.6	6.6	6.1	6.4	6.4	7.4	7.1	6.6	7.1	7.2	7.4	6.6	5.4	5.9	6.8	5.9	7.5	5.7	7.5	5.5	6	5.8	6.5	7.7	6.2	7.5	6.8	7.6	7.5	7	7.4	6.1	6.6	4.9	6.7	6.5	7.5	6.9	6.7	7.6	8.1	6.3	7	6.4	7.9	7.3	7.8	7	7.1	5.1	8.2	5	7.4	6	6.4	7.3	5.7	7.9	5.9
"LRMP"	4.9	5.4	3.3	5.1	3.9	4.9	4	3.8	4.6	3.5	5.2	5	4.5	3.2	4	4.5	3.7	4.3	5	5	5	3	2.6	2.6	3.2	3.9	3.7	3.5	4	5.3	5.4	2	3.5	5.9	6.5	4.5	5.4	4.6	4.3	4.2	4.5	5	5.1	4.9	4.2	4	4.6	2.8	3.7	5.3	3.8	5.8	5.3	4.4	5.4	3.9	2	3.3	5	2.8	6.6	4.5	4.4	3	4.5	2.3	5.8	4.2	4.9	6.4	4.2	6	4.1	3.3	5.3	4.2	5	2.6	4.8	5.2	4.5	3.9	4.2	4.6	5.5	5.2	3.8	5.3	5.8	5	8.4	5.1	5	4.2	6	3.8	5.6	4.9	4.4	4.2	4.9	7.1	5.9
"MAD1L1"	7.7	7.2	8.1	7.4	8.2	7.8	7.2	7.4	8.5	7.5	7.1	6	8	7	6.9	7.5	5.7	7.2	8.7	6.6	5.8	8	4.9	5	6.5	7.4	7	6	8.7	7.9	7.7	6.6	7.6	6.4	6.9	8	7.9	7.7	8.2	6.6	7.6	9	6.5	7.8	7.8	6.4	6.8	6.2	6.6	6.9	8.5	7.9	6.8	7.6	7.3	5.8	4.8	8	7.9	4.6	7.6	6.7	8	5.8	5.4	7.9	6.4	6.7	6.4	7.1	8	7.7	8.2	7.6	8.8	6.4	7.2	7.8	6.7	8.8	7.2	8.4	6.6	6.9	7.8	7.9	6.9	6.7	7.5	8.3	8.7	8.8	7.9	7.9	8.1	7.3	7.8	8.4	6.9	7.2	8.4	7.6	8.5
"MAN1C1"	5.9	6	4.3	5.8	4.2	5.7	4.3	5.9	5.5	3.8	6.4	5.5	3.6	4.2	5	5.3	4.9	5.7	5	5.9	3.2	3.5	2	3.8	3.9	4.6	4.9	5.4	4.2	4.3	7.2	3.6	3.7	6.5	6.6	5	6.6	6	5.2	5.4	5.9	5.6	3.9	5.6	5.8	4.8	5	3	5	6.4	7.5	6.7	6.2	6.5	6.6	5.2	2.6	4.1	6.4	3.7	6.6	5.9	6.5	3.5	4.8	4.5	5.8	4.3	6.3	6.8	4.8	6.8	5.9	4.3	6.5	5.5	5.9	4.1	5.5	6.1	6.1	4.6	5	6	6.2	6.2	6.2	5.6	6.5	5.6	7.9	5.6	4.8	4.3	6.4	3.7	5.4	5.4	5.9	4.7	4.5	5.9	4.2
"MCCC1"	7.5	6.6	7.6	6.7	6	6.8	6.4	7.8	5.6	6.2	6.8	7.3	6.8	4.7	6.7	7.5	6.2	6.2	7.3	6.2	8.1	5.7	3.7	4	5.9	5.2	6	5.2	5.6	8	6.9	4.5	6.7	5.4	6.1	6.9	7.4	7.2	7.3	5	5.7	8.1	6.7	6.5	7.1	8.6	6.5	7.2	6.6	7.5	7.6	7.2	8	7.3	8.7	7	4.4	7	6.6	5.9	7.9	5.9	6.4	4.6	7.3	8	6.4	6.6	7	7.7	7.3	8.3	8.1	7.4	6.3	6.1	6.5	5.9	6	7	8.1	6.5	7.9	7.7	7.8	6.6	5.8	7	10.8	7.9	7.7	7.2	7.4	7.6	9.3	4.6	8.5	7.5	7.7	7.3	7.7	8.2	6.2
"MCM10"	5.4	6.9	6.7	6.7	6	7.5	6.6	7.5	7.2	5.6	6.5	5.6	7.4	4.5	4.5	7.1	5.7	6.7	7.8	6.3	6	5.9	3	3.5	6	6.2	6	3.5	4.6	7.9	5	4.5	5.7	4.3	5.1	6.8	7	6.9	7.5	5.3	6.4	6.9	6.2	7.5	6.9	5.9	6.2	6.4	6.1	6.3	7.9	6.9	6	6.9	6.7	5	3.6	6	5.7	4.7	6.7	5.2	6.8	3.9	4.2	5.5	4.5	6	5.6	7.2	6.6	7.5	6.5	7.9	7.2	5.6	6.2	6.7	5.8	6.3	6.6	7.1	6	7.4	7	7.5	6.2	7.2	7.1	7	7.1	7.2	5.6	6.3	7.8	6	7.1	6.6	6.9	7.4	6.9	7.4	5
"MCM2"	7.9	9.3	9.1	8.8	7.8	9	8.3	10.2	8.4	6.2	8.1	7	8.4	7.1	7.5	8.8	7.5	9.8	9.7	8.7	7.3	7.3	5.6	4.9	8.4	7.9	7.3	6.2	7.1	9.7	7.8	6.2	7.9	5.6	6.1	8.5	9.9	9.3	9.7	7	6.9	8.8	8	8.9	10	7.3	8.7	8.7	7.3	8.4	8.5	8.4	9.2	9.9	8.3	8.8	6.5	7.9	8.1	6.2	9.4	7.1	8.3	6.5	6.7	7.8	7.2	7.9	8.4	9.3	9.2	8.8	8.3	10.6	8.8	8.4	9.3	7.5	8.3	8.1	7.9	8.7	8.3	9	9.5	8	8.1	7.7	9.8	8.8	8.3	9.2	9.2	8.6	9.6	6.9	9.4	9.1	8.6	9.8	8.9	9.1	7.9
"MEF2C"	6.7	7.3	7.1	7.5	6.5	7.9	7.1	6.7	7.5	7.4	7.9	6.4	7.2	5.4	6.8	8.1	6.1	6.6	8.1	6.8	5.6	5.2	4.8	4.9	5.8	6.2	6.5	7.5	6.1	7.4	8.3	5.6	5.8	7.4	7.9	7.8	7.9	7.9	7.3	7.3	6.8	8	5.8	6.8	8	5.1	7.9	5.1	6.8	8.4	6.6	8.2	7.8	8.5	7.6	6.5	4.2	7.5	7.9	5.2	8.6	7.6	8.1	7.7	6	6.8	7.8	6.6	6.7	8	7.8	8.1	6.9	9	8.3	6.7	8	6.1	6.5	8.1	7.7	7.8	6	8.6	8.6	8.2	7.6	7.1	9.4	8	9.2	8.1	7.2	6.3	7.9	6.9	8.4	6.9	7.5	6.5	7.5	8.2	7.5
"MFAP4"	7.7	8.6	6.2	7.3	6.2	6.4	7.1	7.8	7.1	6.4	8.7	7.7	6	5.6	6.8	6.3	6.2	6.3	7.2	8	5.1	4.1	4.8	7.2	5.5	6.2	5.9	8.1	5.8	6.5	8.5	7.2	6.2	6.3	6.9	6.9	7.7	7.6	6.4	6.7	6.7	6.7	7.6	6.7	6.2	6.1	6	5.5	6.4	8.9	7.3	8.1	8.1	7.1	8.2	6.3	5.7	6.3	8.1	6.2	8.6	6.6	8.5	5.6	6	6.7	8.6	7.5	8	7.7	7.2	10.2	9	6.2	8	5.5	7.2	6.7	6.6	7.2	8.8	8.8	7.4	7.4	8.3	7.5	9.4	8.1	8.2	7.4	9.1	6.1	6.5	5.8	7.5	5.2	7.8	6.4	7.8	8.5	6.1	8.5	6.2
"MMP10"	4.9	6.4	4.8	8.9	7.9	8.9	7.5	4.9	10.2	6.9	10.1	6	7.1	2.8	3.5	7.4	4	5.2	11	5.9	6.2	2.6	6.6	4.2	3	7.8	8.7	7.4	6.6	9.9	7.7	8.9	6	4.8	5	8.1	5.1	6.7	4.3	6	9.3	9.9	6.2	8.3	3.7	8.2	3.7	1.6	11.7	6.6	6	9.4	5	8.2	7.1	6.8	3.2	9.3	8.7	4.3	11.1	10.1	9.1	5	5.1	10	5.3	6.6	6.3	6.5	10.2	8.9	7.7	5.8	11.4	7.4	11.3	7.4	4.5	8.2	6.7	8.4	2.8	4.3	10.2	5.4	9.6	3.7	8	13.7	9.2	10.6	5.2	9.2	10.1	11.2	8.7	9.3	5	9.9	10.6	10.4	8.8
"MMP9"	8.1	8.3	8.5	9.8	9.6	10	10	8.8	8.4	8.9	8.8	8.3	7.9	9.2	8.7	10.1	6.9	6.7	9.7	7.8	6.7	5.3	10	7.4	7	8.1	9.5	8.1	11	6.4	9.9	10	6.5	9.3	10.1	9	10.4	12.1	8.5	10.2	9.4	9.4	8	9.3	8.9	6.8	7.4	7.2	9	10.6	7.5	8.9	7.4	10.1	9.6	9.5	8.1	7.9	10.6	6.7	9.9	8.6	10.9	9.3	6.7	8.1	11.4	9.3	8.4	9.9	8	9.7	9.9	7.3	10	9.7	9.4	7.4	8.1	8.4	10.8	9.6	6.9	5.7	10	8.3	7.8	8.4	8.9	13	10.8	10.4	6.7	8	9.2	7.5	9.3	7.5	7.7	9.3	8	10.1	8.6
"MT2A"	12	11.6	11.6	10.1	13.9	13.1	12.8	11.5	14	12.5	12.2	10	12.1	13.3	12.9	13.3	11.8	12.3	12.3	9.5	9.1	8.5	9.9	12	11.1	12.5	13.3	11.6	13.3	11.3	13.3	11.2	9.1	11.9	12.5	13.3	11.5	12.3	12.6	10.5	12.1	13.8	11.1	13.4	12.6	9.4	11	7.1	10.2	11.6	9.6	12.8	11.2	12.4	11.8	10.7	10.2	11.4	13.2	11.2	12.5	12.5	13.5	11.3	9	10.6	10.9	13.1	10	12.7	13.7	11.5	11.3	13.8	15.1	12.3	15	11.8	9.4	13.3	9.9	11	11.3	10.6	11.9	12.1	10.2	11.2	11	11.8	12.4	15.2	12.3	13.4	9.6	12.9	11.2	13.4	11.1	11.4	11.3	11.6	11.7
"MYC"	9.4	9.4	11.2	9.4	9	8.9	9.5	6.7	9.7	9.2	9.5	8.3	9.2	8.9	10.3	9.9	9	9.8	9.9	7.1	8.5	9.3	7.1	7.3	8.4	9.4	9.3	7.2	8.8	9.4	8.3	6.3	8.4	8.6	9.4	9.9	8.7	8.4	9.8	6.1	8.2	10.4	8.9	9.8	9.7	9.4	9.2	9.6	8.2	9.5	10.1	10	9.4	9.2	8.4	8.8	6	9.2	8.8	6.4	8.6	10	9.2	7.7	8.2	8.9	7.3	6.6	8.4	10.7	10.7	10.1	8.8	11.3	9.5	9.6	9.2	9.3	6.8	10.7	9.2	10.1	9.6	7.1	10	8.4	6.8	7.9	9.3	8.9	10	10.8	10	10.7	10.8	7.9	8.6	9.7	8.3	7.9	10.2	9	8
"MYO1B"	8.8	9.4	9.5	9.2	9.8	10.6	9.4	8.4	10.1	9.5	9.6	8.2	9.6	7	8.6	10.2	7.4	8.5	10.5	6.7	7.3	8	6.9	7.1	7.7	9.1	9.4	7.6	9.4	9.3	9.3	7.6	7.5	6.8	7.8	10.1	8.3	7.8	9.1	7	8.4	10.5	8	10.8	9.5	7.5	7.8	6.8	8	8.1	8.9	9.8	8.1	9	7.7	7.1	6.1	8.6	10.1	7.5	8.8	9.1	9.5	6.7	7.3	8.3	7.8	8.3	7.1	8.7	9.7	8.9	9	9.3	9.9	7.7	9.8	8.5	7.5	9.7	8.1	8.9	6.2	7.2	9.8	9.7	7.6	7.4	9.2	9.7	10.2	11.6	9.7	10.3	8.7	9.5	9.7	10.4	9.6	9.1	10.4	9.5	9.3
"MYO5C"	7.1	6.8	7.7	6.6	4.5	5.2	5.2	7.8	5	4.8	5.6	6.9	5	4.1	6.2	6.8	6.3	7.6	7	7.2	5.7	6.9	3.5	3.5	6	3.8	3.6	4	3.6	6.9	6.8	4.9	5	4.2	5	4.5	7.7	7.1	7.8	5.1	6.1	7.1	4.8	7.7	5.8	7.5	8.1	6.8	5	7.2	9.9	5.5	8	7.2	6.9	6.6	3.2	7	6.6	5.1	6.7	5	5.1	3.6	6.2	4.9	5.9	5.6	6.4	7.9	5	7.5	5.6	5.1	5.2	6.5	5.8	5.5	5.6	4.6	7.3	7.9	7.9	7.1	7.2	6.9	6.4	6.9	9.4	7.3	7	5.1	6.2	6	9.1	4.4	7.6	5.6	7.2	6.9	5.8	8.3	5
"NCF4"	6.9	6.7	5.2	6.9	5.7	6.9	5.7	5	6.3	6.1	6.9	6.9	5.6	5.3	6.5	6.6	5.5	5.6	6.9	7.1	4.4	3.2	3.8	5	5.2	6.6	5.5	5.8	5.6	5.6	7.7	4.4	4.4	6.5	7.5	7	7.5	7.3	6.4	6.2	6.9	7.4	5.9	6.7	6.3	4.8	6.2	4.2	5.7	7.2	5.5	8	7.5	7.3	7.1	5.2	3	4.7	7	4.8	9.8	6	6.6	5.4	5.8	4.4	8.4	6.4	6.7	7.5	5.6	7.5	5.7	6.2	7.5	7.1	7.5	6	9.2	7.6	6.7	6.1	6.4	5.1	7.4	6.9	5.9	7	7.2	6.6	8.8	7	6.9	5.9	6.4	5.8	7	6.3	7	5.6	6.7	7.4	7.4
"NEGA(0)"	2.6	2	2	2.3	3.5	1.6	3	3	3.7	2	2	1	2.8	1.6	3	3.5	2.6	2.3	3.5	1	1.6	1	1.6	2.6	1	0	2.6	1.6	2.6	0	2.3	1.6	0	1	1	3.3	4	3.3	1.6	1.6	2.8	3	2.3	2.3	2.3	0	1.6	2.8	1.6	2.8	1	2.3	2	3.3	3.3	1	1	2	1.6	2.6	2.6	2	2.8	1.6	1.6	0	1.6	1.6	2.6	2	3.7	2.6	2.6	3.5	3.8	1	4.2	2.3	0	2.8	3	2.3	2	2.3	3	1.6	1.6	2	2.6	3	4.2	4	2.8	2.6	2.3	2.6	2.8	2.8	1.6	1	1	3.8	1
"NEGB(0)"	3.5	3	4.2	3.2	2.6	3.7	3.2	1.6	3.7	2	4.2	3.6	3.7	2.3	3.6	3.7	1	3.3	2.8	2.8	3.2	2.6	0	0	2	2.6	2.6	0	2	3.3	3.8	1	2.3	2.6	2	2.6	3.2	3.6	1.6	2.3	3.6	6.4	3.2	2.8	1	2	3.3	2.3	2.6	4.2	3.6	4.2	2.3	3	2.6	2.3	2	2.8	3.5	0	2.6	4.1	3.7	1	2	3.6	2.6	1.6	3.2	3.6	3.5	4.3	2.3	3.7	3.7	2	4.7	1	3	3.9	4.2	4	2.8	2.8	4.8	3.7	2.3	2.6	3.7	3	5.2	4.2	3.3	1.6	4.4	1	4.8	4.8	1.6	0	5.4	4.2	5.6
"NEGC(0)"	4.1	3.3	3.7	3.2	3.3	4.3	3.5	3.8	3.8	3.3	3.3	3.7	3	2.8	3	4.2	2.3	3.5	5	2.8	3.5	2.6	1.6	2.3	2.6	3.9	3.6	3.2	3.5	2.3	4.2	2.8	3.2	3.5	3.6	4.5	4.3	3	3.7	2.6	1.6	5.2	2	3.5	3.3	2	2.3	2.6	3.7	3.6	3.2	4.5	3.5	4.2	3.3	1.6	2.3	3.5	4	2.8	4	3.9	3.6	2.6	3.2	2.6	3.2	3	3.3	4.6	4.3	4.7	4	4.1	4.5	2.8	5.1	3	3.2	4.3	3.3	4	3.8	3.3	4.2	3.6	2.8	3.6	4.9	5.1	5.3	5.3	3.9	3	4.2	3.8	3.5	3.9	3.5	3.2	3.7	4.4	3.8
"NEGD(0)"	4.7	3	3.5	3.6	4.3	4.6	3.5	2.8	3.7	2.8	3.5	3.6	3.3	2	4.4	3.6	2.8	4	4.5	3.6	1	3	2.3	1.6	2	2.8	3.3	2	3.6	3.3	4.9	2	1.6	3.9	4.5	4.2	4.8	4.2	3.6	3.3	3	4.5	3.3	3.3	4.1	2.3	4.2	2.3	3.7	3.9	2	4.4	3	4.8	3.9	3.3	0	3.6	3.9	2	4.2	3.9	4.1	2.6	3.6	2.6	2	3.2	3.8	4.5	2.8	3.7	3.6	4.2	4.4	4.2	4.7	3	3.5	4.6	3.6	2.6	3.3	1.6	4.4	2.8	2	3	4.2	4.7	5.2	4.7	4.5	3.8	3.7	3.5	4.2	3.5	2.6	2	4.6	4.2	4
"NEGE(0)"	3.8	3.2	3	3.8	3.7	3.5	2.6	3.2	3.3	3	2.6	3.3	2.6	2.8	3.3	5	4.7	3.7	3.8	3.9	2.3	2	2	2.3	3.7	3.6	3.2	2.6	3.2	3.5	4.2	3	3.5	1	2.6	2	3.9	4	3.6	1.6	2.6	4.2	4.2	3.7	3.5	3.2	2.6	4	3.6	3.5	3	3.5	2.3	3.8	4.2	1.6	2.6	3.9	2.6	3.2	3.8	2.8	3.8	2.3	3.2	2.6	3.2	2.8	3.5	3	3.2	4.2	3.7	4	4.5	2.8	3.9	2.8	3.7	4.2	3.9	3.8	3.5	4	4.4	3	3.2	2.3	3.8	3.3	3.5	4.9	3.6	2.6	3.6	3.2	3.3	3.2	2.6	0	3	4	3.5
"NEGF(0)"	2.6	1	2.3	2.6	3	3.3	2.8	2.8	2.6	2	2	2	3.3	0	3	3.3	2	2.8	3.5	1.6	0	1	1	1.6	2	1.6	2.3	2	1.6	2.8	3.7	2.6	3.3	2	0	2.3	2	3	2	1.6	1.6	3.7	1.6	2.8	3	1	1	1	2.6	2.6	2.6	2.8	3.2	3	1.6	0	2.3	3.5	2.6	2.6	1.6	2.3	3.2	2	1.6	3	1.6	2	0	2.8	2.3	2.6	2.3	2.8	2	1.6	3.2	1	2	3.6	2	2.3	1	1	2.8	2.6	2.6	2.8	3.3	3.7	3.8	3.6	2.8	0	3.8	2.8	3	2.6	3.3	2.6	3	3.2	0
"NKG7"	7.3	6.4	4.2	5.7	3.8	7.1	5	4.2	5.5	4.3	6	6	3.2	4.1	6.2	6.7	6.6	7.1	5.5	6.6	2.3	3	3.2	3.5	4.2	4.8	2.8	5.8	6.6	3.8	7.7	3.2	3	6.1	6.3	6.3	8.5	7.6	5.9	6.7	5.8	5.6	3.5	5	7.4	2.3	6.1	2.8	6	5.8	4	7.8	6.1	7.1	6.7	3.5	3.6	3.8	5.8	3.5	7.2	6	4.9	4.6	5	3.2	6.3	4.6	6.4	6.8	5	7.3	4.6	6.3	5.8	6.3	6.9	5.5	6.1	7	6.3	4	5.6	4	6.4	7	4.9	7.3	5.9	5.1	8.7	7.1	5.2	6.5	6.6	4.8	4.2	5.4	5.4	2.6	4	5.6	5
"NME7"	5.8	5	6.1	5.8	6.3	6.9	6.5	7	5.9	5	6.8	5.2	6.1	4.9	5.4	6.9	5.1	5.6	7.7	4.8	3.8	4.6	3.2	2.8	4.2	5.5	5.7	3.9	5.7	6.4	6.3	4	4.9	4.6	5.1	5.7	5.8	6.6	6.3	4.4	5.1	7.8	5.6	6.5	6.3	4	6.2	5.1	5.9	6	6.2	7	6	5.9	5.7	5.2	3	6.4	6.2	4.5	6.2	5.6	6	4.4	4.7	5.2	5.4	5.5	5	6.3	5.5	6.1	6	6.2	6.6	5.1	6.9	4.6	4.5	6.6	5.7	6.3	5	6.6	6.4	5.9	5.2	5.9	7.5	8.1	7	8	6.9	7	7.5	6.8	6.8	6.8	6.4	6.4	6.9	7.1	5.7
"NRG1"	6.8	7.6	9.8	7.9	8.6	10	8.4	6.6	9.5	7	6.9	5.9	7.6	5.7	5.8	10.3	6.2	5.6	9.4	3.9	7.9	7.1	4.5	5.3	5.8	7.5	6.7	5.4	6.6	7	7.6	5.7	5.8	5.2	5.9	7.3	6.3	7.6	6.8	5.7	8.3	9.5	5.2	9	5.2	6.4	5	5.8	6.4	6.9	5.2	9.3	5.5	5.9	7.8	6.5	2.8	6.3	8.3	3.8	6.7	7.2	6.5	5.3	4.5	7.3	5	5.3	6.9	5.8	6.8	7.4	7.5	7.9	9.1	5.6	10.5	7.2	4.9	7.4	6.6	6.1	3.9	6.6	8.3	6	5.9	6.5	8	8	10	9.7	10	11.2	8.9	8.9	7.9	8.3	5.1	6.8	8.9	9.2	7.7
"NT5E"	6.4	6.7	9.2	6.8	9.5	9.5	7.9	5.8	9.5	7.9	8.2	6	8.2	6.3	6.7	9.8	7.5	6.7	9.5	5.1	5	6.9	6.2	6.5	5.7	8	8.7	7.6	9.4	9	9.5	7.8	4.9	7.2	8	7.5	6.7	7.2	7.3	6	7.4	9.4	6	8.6	7.1	6.5	7.6	5.2	7.4	8.7	5.6	7.8	6.2	7.6	6.9	6.1	6.3	8.1	8.8	5.5	7.8	7.5	8.5	6	6.1	6.1	7	7.3	6	7.6	6.8	8.2	7.1	8.7	9.4	8.1	10	7.5	6	8.8	7.6	8.1	6	6.2	8.2	6.9	8.1	8.1	8.3	8.9	9.4	10.8	8.7	10.2	6.7	10.4	7.1	9.2	6.5	7.3	8.3	7.9	9.1
"NTRK2"	4.1	10.1	9.7	9.8	3.8	4.6	5.4	8.2	3.9	3.2	8.2	8.1	5.3	2.3	4.1	12.6	10.6	7.2	8.6	8.4	11.5	8.9	7.3	5.4	9.5	7.1	7.6	4.2	3.3	11.6	9.7	4.3	9.9	4.6	5.5	5.1	10	10.6	10.9	7.9	5.5	7.6	9.2	4.7	10.6	11.3	7.5	10.1	9.5	11.9	7	7.6	10.1	6.3	9.9	9.2	6.6	6.4	7.2	8.3	8.3	5.5	7.6	3.6	10.9	7	7.2	5	10.4	5.9	9.5	11.4	10.7	6.5	4.9	7	5.3	6.4	9.9	5.9	10.8	9	8.1	9.7	11.3	5.8	6.5	9.4	11.8	8.9	7.6	3.9	6.4	5.2	14.3	2.6	11.7	8	4.9	9.5	6.2	11.8	5.4
"OSMR"	9	9.8	9.7	9	9.2	9.5	9.6	8.5	9.4	9.1	9.7	8.2	9	6.5	8.2	10	7.1	9.2	10.4	8	9.3	8.1	5.4	6.5	8.8	8.1	10.3	8.2	10.4	10	10.5	8.2	8.8	6.8	7.3	8.8	9.5	10.3	10.3	8.6	8.6	11.1	8.5	9.1	10.4	8.9	8.8	6.7	7.9	10	9.5	10.2	8.7	10.8	9.5	8	7.2	8.9	9.9	6.8	9.5	8.8	9.6	7	8.8	9.1	9	9.1	8.3	9.6	9.8	9.9	9.9	9.8	9.6	9.1	9.8	9.2	7.2	8.7	8.9	9.3	7	8	9.8	8.8	7.7	8.1	9.2	10.4	10.8	10.9	9.8	10.1	11.7	10	10.2	10.1	10.6	9.8	10.5	10.7	8.8
"P4HA2"	8	6.8	8.2	7.7	8.4	9.3	8.3	7.9	8.1	7.9	8.9	7	8.4	6.2	7.7	9	6.5	7.9	9	6.2	6.5	6.2	5.4	6.2	8.4	6.9	8.3	7	8.7	7.2	9	6	6.4	6.9	7.6	8.7	9.1	9.9	9.8	8	7.1	9.6	7.7	7.8	8.1	6.4	8.2	7.2	8.2	8.1	9	10.1	7.1	9.1	7.8	8.2	5.7	8.9	9.1	6.4	8.2	8.3	9.6	6.9	8	7.4	7.5	7.4	6.5	8.4	8.1	8.6	8.7	8.3	9.1	7.4	9.3	5.8	6	8.2	7.6	8.3	7.4	7.1	8.8	7.9	6.7	6.9	9.1	10	9	10.2	8.9	9.3	8.9	7.8	8.2	9.1	8.1	8.6	8.3	8.6	7.5
"PANX1"	7.3	7.1	7.9	7.7	7.6	9.3	7.3	6.6	7.3	7.3	8.1	9.5	6.6	5.6	7.2	8.8	5.9	6.9	9.2	6.6	5.8	6	5.2	5.1	6.5	6.4	7.8	6.2	9.2	6.9	8.3	5.5	6.5	5.8	6.2	8.2	7.8	8.5	7.8	6.4	7.1	9.5	6.3	8.2	8.2	5.5	6.8	6	7.5	7.5	6.5	9.2	6.5	7.7	7.2	7.1	6	7.4	8	5.5	8	8.6	8.4	5.9	6.6	6.8	7.2	7.6	6.1	8	7.3	8.1	8.5	8.6	7.8	6.8	9.6	7.2	6.4	9	7.6	7.8	6.5	6.6	8.5	7.2	6.4	6.7	9.3	9.3	8.9	10.3	8.2	8.6	8.6	8.6	8.2	7.9	7.4	8.1	9.5	8.3	8
"PAPPA"	4.8	6	5.4	5.1	7.2	6.5	6	3.9	5.7	5.9	6.4	4.4	5.7	4.6	4.9	6.5	4.2	4.9	7.7	5.1	4.5	3.2	3.6	3.9	5.1	5.6	6.7	3.8	5.6	5.4	5.3	3.6	4	3	4.2	5.4	4.2	4.8	6.6	3.7	5.6	6.9	4.5	4.8	4.4	3.2	4.9	3.7	5.2	5.6	5.5	6.2	4.7	5.2	5.5	3.6	3.7	4.8	6.7	2.6	6.5	6.2	5.1	3	4.5	5.9	5.8	5.5	4.7	4.9	5.7	5.9	5.7	5.4	5.2	6.2	6.4	5.6	4.7	5.8	5.1	6.5	4.9	3.7	6.3	5.4	4.2	4.1	6.2	6.3	6.1	5.8	6.2	4.2	5.5	4.3	5.3	6.5	4.5	6.1	6.2	6.4	5.3
"PBX1"	7.7	7	5.2	6.8	4.8	5.5	5.1	7.6	5.5	5.6	6.4	6.7	4.7	5.7	7.7	6.3	5.1	7	6.5	6.9	5.5	5.6	3.8	4.2	5.9	5	5.7	5.4	4.5	6.4	7.1	5	7.6	4.2	4.8	5.9	8.2	8.1	7.3	6.4	5.8	7.1	6.7	6	8.8	6.6	8.7	6.3	6	7.3	8.1	6.9	8	8.1	6.7	6.7	4.7	6.7	7.2	5.9	7.1	5.3	6.4	3.9	6.7	6.5	6.3	7.1	6.3	7.3	7.1	7.8	7.9	5.6	4.9	6.6	5.7	4.8	8.4	6	7.2	9.2	7	7.3	6.9	5.9	7.9	5.2	9.1	7.2	6.6	4.5	7.2	6.6	9	3.5	6.7	6.9	8.2	7.7	5.8	8.1	4.5
"PCDH7"	7.4	5.8	6	6.2	7	7.2	6.8	5.7	7.2	6.2	7.1	6.6	5.7	6.5	6.7	7.6	5.8	6.9	7.6	6.3	5.4	6.8	4.5	5.6	5.8	5.8	6.4	5.5	7.4	5.6	7.3	6	5.9	5.9	6	7.3	6.3	6.7	6.2	5.9	6.9	8.2	5.7	6	6.9	5.9	5.9	5.8	6.5	6.4	8.7	7.5	6.7	6.8	7	5.9	5.9	6.6	7.3	5.3	6.6	6.7	6.3	6.2	5.7	6.8	5.9	5.6	6.5	5.9	6.9	7	6.5	6.6	6.8	5.4	8	6.6	5.2	9.1	6.6	6.1	5.6	5.9	6.8	5.8	6	5.4	7.7	7.4	7.8	8.4	8.2	7.8	7.5	6.9	6.2	8	6	5.6	7.5	6.4	6.4
"PDPN"	6.8	9	9.5	9.7	9.9	10.3	9.5	6.1	10.2	8.1	10.1	7.4	8.3	6.2	6.1	10.3	7	8.1	9.7	7.4	8	5.4	7.2	8.2	7.1	9	9	8.8	11.7	8.2	10.9	8.8	6.9	7.7	8.2	10.1	8	9.7	8.8	7.9	9.1	11	8.6	8.2	7.4	6.4	5.2	3.6	9.4	9.1	7.4	10	6.7	8.9	9.1	6.4	6.1	9.2	10.3	6.9	9.8	8.4	11.1	7.8	6.4	8	9	9.2	7.6	8.1	9.1	9.2	10.1	7.6	11.2	7.2	10.7	8.3	6.2	9.5	8.7	9.6	6.7	6	10	8.6	7.7	8.2	9.1	10.9	11	12.4	10.1	9.9	10.5	9.3	9.3	10.2	8	9.3	9.5	10.2	10.3
"PECAM1"	7.7	8	6.8	7.9	6.9	7.4	6.7	7.3	8	6.3	7.9	6.6	7	5.8	7.2	7.8	6.5	7	8.7	7.4	4.9	5.1	5.6	5.5	5.8	6.9	7	7.5	6.7	7.7	9.1	6.9	5.3	6.8	6.8	7.5	8.6	8.1	7.1	7	6.6	8.4	6.6	8.1	7.4	5.7	7.1	6.2	5.7	8.5	7.1	8.3	8.7	8.7	8.3	6.6	5.6	6.2	8.3	5	10	6.9	8.2	5.4	6.8	6.2	9	8.6	7.6	8.3	8	9.1	7.4	6.5	8.6	8.3	8.2	6	7.9	8.4	8.4	7.8	7.2	7	8.9	8.3	7.3	7.9	8.7	8.7	9.4	8	8	7.5	8.2	7	8.5	7.5	7.7	8	7.8	9.1	8.5
"PIM2"	7.7	8.8	5.8	8	4.9	7.2	7	6.2	8.3	5.1	6.3	7.5	5	4.5	6.2	7	6.3	6.7	8	7.5	5.3	4	3	3.3	4.8	6.1	5	5.6	6.2	6.7	7.1	4.4	6	7.3	7.9	7.1	8.2	8.5	6.2	5.5	7.4	8.9	5	7.9	6.6	4.9	7.1	4.6	5.6	9	7.2	8	9.8	9.3	7.7	6.6	3.7	5.2	7	4.8	10.3	7.2	7.9	3.9	5.2	5.5	9.8	6.7	7.7	9	6.9	9.1	6.7	5.7	8.8	8.2	9.1	7.3	8	8	8.2	6.1	6.7	5.5	8.8	8.8	5.5	9.3	7.6	7.6	10.1	7.3	5.9	5.7	7.9	5.7	8.9	6.4	8.2	6.8	7.6	8.1	9.3
"PLAU"	8.8	8.2	9.4	8.4	9.5	10.7	9.7	7.2	8.6	9	10	8.2	8.8	7.8	8.3	9.8	6.9	8.5	10.5	6.6	7.1	6.7	6.6	5.4	7.5	8.6	9.5	7.4	9.5	7.6	9.6	7.3	8.3	7.4	8	9.5	8.8	9.9	9.1	8	9.4	10.1	6.3	9.8	9.8	7.3	7	5.3	9.3	8.5	8.2	9	7.3	8.9	9.3	7.1	5.2	8.8	10.4	6.3	9.5	8.6	9.5	7	7.3	7.6	8.7	9.2	6.9	8.6	9.3	8.8	9.5	8.7	9.8	8	11.2	7.4	7.6	9.9	8.4	8.6	8.2	7.4	9.5	8.8	8.2	8.2	9.9	11.5	9.1	9.7	9.2	10.2	8.6	9.5	8.7	10	9.9	9.5	8.6	8.8	8.4
"PLEK2"	7.2	5.8	9.2	7.4	9.3	9.5	9	7.7	8.7	7.9	8.1	7.6	8.3	6	6.6	8.9	6.6	8.4	9	6.4	5	5.9	5.7	4.8	6.3	8.8	7.9	5.7	7.9	7.5	7.6	6.3	6	7	7.8	8.7	7.9	8.4	7.6	6	8.2	9	6.1	8.5	7.6	5.2	6.6	5.2	7.8	6	8	8.9	7	8.6	7.9	6.3	5.4	8.9	8.8	5.8	7.9	7.6	7.1	6.8	5.2	7	6.5	6.2	6.2	7.6	8.2	7.5	7.8	9.3	8.7	6	9.7	8.6	5.7	8.9	6.8	7.6	6.8	6	7.9	7.8	5.8	6.2	7.3	9	8.1	10.9	8.5	9	7.3	7.8	7.5	8.3	6.7	7.7	8.8	6.9	7.7
"POSA(128)"	15	14.6	14.6	14.7	14.6	14.4	14.6	14.7	14.4	14.5	14.4	14.7	14.6	14.9	14.8	14.9	14.6	14.7	14.7	14.2	14.1	13.8	14	14.1	14	13.9	14.2	13.8	13.9	14.2	14.3	14.7	14.5	14.4	14.1	14.3	14.2	14.1	14.3	14.2	14.3	14.2	14.2	14.2	13.8	14.2	13.8	14.5	14.4	13.9	13.9	14.2	14.3	14	14.3	14.1	14.2	14.3	14.2	14.2	14.3	14.3	14.6	14.3	14.3	14.4	14.2	14.5	14.4	14.7	14.3	14.3	14.2	14.3	14.4	13.9	14.1	13.8	14.1	14.2	14.3	13.9	14.2	14.7	14.6	14.3	14.4	14.1	14.5	13.9	14.1	13.7	14	13.7	14.4	13.7	14.1	14	13.9	13.9	13.7	14	14
"POSB(32)"	12.4	12	12.1	12.2	12	11.9	12	12.1	11.9	12	11.9	12.1	12	12.3	12.2	12.4	12.1	12.2	12.1	11.6	11.4	11.2	11.4	11.5	11.4	11.4	11.7	11.2	11.4	11.7	11.7	12.1	11.9	11.9	11.5	11.7	11.6	11.6	11.8	11.7	11.8	11.7	11.7	11.6	11.3	11.7	11.4	12	11.9	11.4	11.4	11.7	11.8	11.4	11.8	11.6	11.7	11.7	11.6	11.7	11.7	11.7	12	11.7	11.8	11.8	11.6	12	11.8	12.1	11.7	11.8	11.7	11.7	11.9	11.4	11.6	11.3	11.6	11.7	11.8	11.5	11.6	12.1	12	11.8	11.9	11.5	11.9	11.3	11.5	11.3	11.5	11.1	11.9	11.2	11.6	11.5	11.4	11.3	11.2	11.4	11.5
"POSC(8)"	11.4	11	11.1	11.2	11	10.9	11	11.2	10.9	10.9	10.8	11.1	11	11.3	11.2	11.4	11.1	11.1	11.2	10.7	10.6	10.4	10.5	10.6	10.5	10.4	10.7	10.2	10.4	10.7	10.7	11.2	11	10.9	10.6	10.8	10.7	10.6	10.9	10.7	10.7	10.6	10.7	10.7	10.3	10.7	10.5	11	10.9	10.5	10.4	10.7	10.8	10.5	10.8	10.6	10.7	10.8	10.6	10.8	10.7	10.7	11.1	10.8	10.8	10.9	10.6	11	10.9	11.1	10.8	10.8	10.7	10.8	10.9	10.5	10.6	10.3	10.6	10.7	10.8	10.5	10.7	11.1	11.1	10.7	10.9	10.6	11	10.3	10.5	10.2	10.5	10.2	10.9	10.2	10.6	10.5	10.3	10.5	10.3	10.5	10.5
"POSD(2)"	8.4	7.9	8.1	8.2	7.9	7.9	8	8.3	8	7.9	7.9	8.1	8.2	8.2	8.1	8.5	8.1	8.2	8.2	7.6	7.5	7.4	7.4	7.4	7.3	7.3	7.6	7.1	7.4	7.6	7.9	7.9	7.9	7.7	7.4	7.9	7.7	7.8	8.1	7.5	7.6	8	7.5	7.6	7.5	7.4	7.5	7.9	7.7	7.3	7.5	8	7.8	7.6	7.5	7.5	7.5	8	7.9	7.5	7.9	8	8	7.7	7.8	7.8	7.7	7.8	7.9	8	7.9	7.7	7.6	8.2	7.9	7.4	7.6	7.5	7.4	7.9	7.7	7.6	7.4	8.2	8.2	7.7	7.6	7.6	8.1	7.5	7.7	7.7	7.7	7.1	8.1	7.2	7.7	7.6	7.3	7.5	7.4	7.6	7.6
"POSE(0.5)"	6.8	6.3	6.2	6.4	6.3	6.3	6.3	6.4	6.1	6.3	6.2	6.5	6	6.6	5.9	6.8	6.4	6.3	6.7	5.8	5.4	5.4	5.3	6	5.6	5.6	6.2	5.2	6	5.9	6.4	6.2	6.3	6.2	5.9	6	6	6.5	6	6.2	6.1	5.9	5.6	6	5.5	5.8	5.5	6.1	6.1	5.7	5.7	6.1	5.8	6	5.9	6.2	6.1	6	5.5	5.9	6.2	6	6	6.2	6.1	6.2	6	6.2	6.3	6.4	5.9	6.3	5.9	6.1	6.7	6.1	6.2	5.7	5.8	6	6.4	5.8	5.7	6.2	6.5	5.6	6.5	6	6.4	6.1	6.3	5.9	6	5.7	6.3	5.6	6.4	6	5.7	5.7	5.8	5.9	6.1
"POSF(0.125)"	5.5	5.6	5.3	6	4.7	5.6	4.8	5	5	4.8	5.5	4.9	4.9	5.2	4.9	5.6	4.9	5	5.8	5.2	4.6	4.4	4	3.9	4.5	4.8	4.5	4.9	5	4.6	4.7	4.6	5.1	5	4.5	5.7	5.1	5	5.2	4.8	4.6	6	4.8	4.9	4.5	5	5.3	5	4.6	4.8	4.7	5.4	4.6	5.5	5.4	4.2	3.8	5.5	4.6	5	4.8	5	5.3	4.2	5.2	5.2	4.3	4.8	4.7	5.4	5.5	4.8	4.9	6	5.3	4	5.1	4.2	4.6	5.5	5.1	5.4	4.5	5.7	4.7	5	5	4.5	5.1	5.1	5.4	5.5	5	3.3	5.3	4.5	5.1	4.9	4.8	4.9	5.2	4.6	5.1
"PPAP2B"	6.3	8.1	5.7	6.6	5.5	6.6	5.4	7.3	6.3	5	7.1	6.3	5.3	5.8	7	7.6	6.6	6.7	6.9	7.5	4.8	5	3.9	4.6	5.6	5.5	5.8	5.6	5.4	6.9	8.7	5.2	5.8	4.8	5.3	6.9	7.8	7.8	7	6.4	5.3	7.4	6.1	6.9	6.4	5.7	5.8	5.8	5.7	8.2	7.2	7.5	7.6	7.6	7.1	6.4	5.5	5.2	7.6	6.9	8.3	5.9	7.6	4.5	6.4	5.5	7.2	7.1	6.7	6.9	6.3	9	7.7	5	6.7	6.5	6.9	5.1	6.5	7.3	8.5	6.7	5.5	7	7.3	7.8	7.2	7.2	8.4	7.1	7	6.1	6	5.3	7.3	4.5	7	6.8	7.5	7.6	6.7	7.5	6
"PPFIBP2"	6.2	5.6	7	5.7	4.8	5.4	5.2	6	4.1	5.9	6	6.2	4.6	4.5	5.4	5.6	4.4	5.9	6.2	6	5.2	5.9	2.8	0	5.4	3.9	4.5	3.2	4.3	6.3	6	4.2	4.5	4.3	4.3	6.7	6.9	6.6	7.1	4.2	4.9	7.3	4.3	5.3	6.2	5.6	6.2	5.7	5.2	6.4	6.8	6.5	6.2	6.3	5.9	4.2	3	6.4	6	4.4	6.8	5.6	5.9	4.8	5.8	5	4.5	4.8	5	6.5	5.8	7.2	6.8	6.1	4.8	4.2	5.1	4.8	5.5	6.4	7	6.3	5.8	5	6.4	5.5	5.4	6	8.4	6.4	6.9	5.9	6	5.6	7.4	3	6.9	6.1	5	6.1	7	6.9	5.6
"PPP1R16B"	4.6	5.2	4.2	5.1	4.8	5.5	4.6	4	5.3	4.2	5.5	4.5	4.1	4.6	5.4	5.2	4.2	4.8	4.5	5.4	2	0	3.2	3	3.7	4.6	4.6	4.5	5	3.6	5.8	3.6	2.8	5.4	6.3	5.5	6.3	5.5	3.6	3.9	3.5	5.4	2	5.1	4.3	1.6	4.2	3	3.9	5	3.7	6.3	5	5	5.7	3.3	3	3.2	5.1	3.7	6.7	5.3	5.3	2.6	3.9	2.8	4.8	3.8	5	6.2	5.2	6.2	3.9	5.6	6.4	4.8	6	3.7	5.5	5.7	4.8	3.8	3.9	3.5	5.6	5.1	4.3	3.9	4.8	4.7	7.3	6.3	3.7	4.3	4.5	4.1	5.1	4.6	4.6	4.5	4	4.8	4.6
"PROCR"	5.4	7.6	7.1	6.6	6.1	7	6.9	5.4	6.6	6	5.6	6.2	7	4.1	5	6.8	4.2	4.8	8.4	4.5	4.3	4.8	4.2	3.7	6.3	5.4	6.5	5.2	5.8	6	6.7	5	5.6	5	5.3	7.4	5.7	6.2	7.6	4	5.8	6.6	3.8	6.4	6.5	4.1	5.8	4.1	6.1	5.3	7.5	5.8	5.9	6.2	6.9	4.9	3.5	7	6.7	2.6	6.1	5.5	6.9	4.7	5	6.9	5.7	5.4	4.9	5.7	6.2	7	6.5	7.5	6.2	3.8	7.3	6.2	3.7	6.3	6.9	6.6	4.2	5.4	7.3	6	5.3	5.8	5.9	7.3	7.5	7.9	6.6	6	7.2	5.5	6.3	6.6	5.7	4.2	7	6.6	6.3
"PRPF38A"	7.5	7.5	8	7	6.8	7.7	6.6	8.5	6.8	6	7.3	6.6	7.2	6.3	6.8	7.6	5	7.7	8.3	6.6	5.7	6.2	3.9	3.5	6.4	7.2	6.1	5.6	6.1	7.5	7.3	5	6.1	5.4	5.8	7.3	7.9	7.5	7.8	5.8	6.1	8.2	6.4	6.9	8.2	5.9	7.2	6.3	6	6.9	7.5	7.9	7.8	7.8	7	6.3	4.4	6.6	7.6	5.6	7.6	6.6	6.9	5	5.9	5.5	6	6.4	6.9	7.9	7.4	7.7	6.7	8.2	6.5	6.8	7.4	6.1	6.3	7.4	7.2	7.5	6.5	7.4	7.4	7.3	6.6	6.9	9	7.9	8.4	8.2	8	7.6	8.5	5.8	8.4	7.9	7.5	7.2	8	7.6	6.8
"PTGDS"	6.5	4.9	5.7	8.1	5.4	5.5	5.2	5.4	6.9	4.8	7.8	7.5	5	5.7	5.9	4.2	6	6	6.1	7.4	4.4	3.5	2.8	5.9	5.7	7.7	5.9	5.2	5	5.9	7	5.4	5.2	8.2	8.9	5.5	7.9	10.3	7.1	8	6.9	7.4	4.1	5.3	5.7	3.7	5.3	3.7	4.4	6.9	4.9	8.6	7.5	5.2	9	5	5.8	6.3	7.3	3	8.9	6.7	7.5	6.7	5.8	6	8.3	7	7.9	8.7	5.6	8.3	5.1	4.4	7.4	5.4	7	5.8	7.3	7.8	7.4	5.8	5.9	5.2	8.7	6.7	4.6	7.5	6.3	6.2	10.8	5.2	4.6	5.1	5.9	5.4	6.9	6.2	5.3	5.6	5.7	7.9	6.1
"PTGS1"	4.2	3.5	5.3	4.2	4.3	5	4.3	3.5	4.5	3	4.6	4.4	4.2	3.3	4.6	4.6	3.5	4.2	4.7	3.5	2.3	3.5	2	3	3	3.3	3.8	2.8	3.2	4.1	3.5	2	3.6	3	3	4.5	3.5	3.6	3.2	2.8	4.1	5.2	3	3.5	4.5	2.8	3.8	3.3	3.7	4	3.7	3.7	3.7	3.9	3.5	2.3	2.6	3.5	3.5	1	3.9	3.8	3.8	3.3	3.5	3.2	3.2	4.3	3.7	4.5	3.7	4	3.6	4	4.2	3.5	3.3	2.3	3	3.8	3.5	3.8	4	3	4.8	3.5	2.3	3.3	5.2	5	5	4.3	5.6	4.5	4.9	3.5	4.5	5.5	3.6	4.2	5.5	4.1	3.9
"PTHLH"	4.2	4.7	6.8	6.3	5.8	6.1	5	5.8	4.6	5.2	5	4.1	5	4.8	3.7	7.2	3.3	5.5	6.5	3.5	6	6.2	3.5	3.5	2	5	4.6	3	4.3	5.9	5	4.2	4.8	2	1.6	4.1	4.6	4.3	4.2	3.6	3.9	5.2	4.6	6.1	4.1	1.6	3.6	2.3	6.2	3.5	5.9	6	4.6	5.9	3.9	4.2	2.3	5.6	5.5	2.3	4.8	5.1	5.5	2	5.1	5	2	2	5.8	4.1	6.6	5	6.3	6	5.6	4.5	6.2	5.1	2.8	4.6	3.8	7.9	3	3.7	6.7	2.6	2.8	2.6	5.4	5.5	5.7	4.9	7	6.2	6.1	4.3	4.8	4.6	2.6	3.6	5	5.6	5.2
"PTPRC"	3	3.2	1	2.3	1	3.7	2.6	2	2.8	2.3	3.5	3	2.8	2.3	2	3.9	3	3.5	3.8	3	2	1	2	2	2.6	3	0	1.6	2.8	2.8	3.8	2.6	2.3	3.3	4.1	3.5	3.7	3.5	2	1.6	3.3	3.6	0	2.3	4	1	2	1	2	3	1	3.3	3.3	4	2.6	1.6	0	2.8	4.2	1	4.3	3.3	3.8	0	1	2.6	4.3	3	3.5	4.1	2.3	4.3	3.2	3.2	3.6	2.8	3.2	2	1.6	3.8	3.3	2	2.3	1.6	3.3	2.6	1.6	3.2	4.8	2.6	6.2	3.8	3	3.5	3.9	3	3.7	3	3.9	3.3	3.5	4.5	2
"PXN"	8.5	7.4	9	7.5	8.8	9.3	7.9	7.5	8.9	8.1	8.4	7.7	8.4	7.1	8.3	9	6.2	8	9.4	6.7	6.6	8	6.6	5.5	6.8	8.1	8.6	7.4	9.1	7.8	9	6.8	6.9	7.2	7.9	8.3	7.7	8.5	8	6.6	8.1	9	6.9	9.3	7.6	6.3	6.9	6.2	8.1	7.9	10.2	9.1	7.5	9.1	8.6	7	5.7	7.9	8.9	6.2	8.4	7.9	8.8	6.9	6.7	7.9	8	7.6	7.1	7.9	8.4	8.5	8.1	8.9	8.7	7.3	9.4	7.7	7	9.4	8.2	8.6	8	7.3	8.5	8.1	6.9	5.7	8	9.2	8.5	10.4	9.7	8.6	8.3	7.9	8	8.5	7.7	7.3	8	8.6	8.7
"PYGL"	8.8	7.3	9.6	8.1	9	10.2	9.9	8.5	9.3	9.3	9	7.8	9.5	5.7	6.9	9.6	7.7	7.3	8.5	5.9	6.8	7.9	4.8	5.7	6.3	8.6	8.5	6.7	8.8	8	8.9	6.9	5.8	8.4	9	10.4	7.2	7.6	7.7	6.5	8.4	10.2	8.8	9.7	9.3	5.9	8.5	6	8.1	7.2	9.2	10.1	7.6	9	9.3	7.5	4.4	9.9	10.1	4.3	8.1	8.9	7.9	8.2	7.4	9.1	7.3	6.3	6.2	8.4	10.6	9.3	10.2	10	9	6	9.2	8.7	6.6	8.9	8.7	9.2	8.3	6	9	9.4	6.5	6.3	9.2	9.6	9.1	10.6	10.8	9.4	10.7	7.8	9.1	9.9	7.8	6.5	10.2	8.3	9.9
"RASSF2"	6.4	6.7	4.6	7.1	5.3	6.3	6.1	6.1	6.3	5.3	7.1	7.4	5.2	5	6.3	6.5	6	5.9	6.8	7.2	3.7	3.6	4	4.5	4.7	6.5	5.4	6.1	5.3	5.6	7.6	5	4.3	7.6	8.4	6.8	8.1	7.6	6.5	6.6	6	7.4	5.4	6.5	6.3	4.3	6.2	5	5.1	7.5	5.5	8.2	7.2	7.1	7.4	6.3	4.5	4.6	7.3	5.2	8.6	6.4	7.1	3.9	5.4	3.8	7.9	7	6.9	7.8	6.3	8.3	5.2	5	7.3	7	6.8	4.9	7.7	6.9	7.7	6.4	6.8	5.6	7.2	7.3	5.9	7.4	7.7	6.6	9.2	6.5	6.2	5.4	6.9	4.6	7.1	5.5	6.4	6.6	6	7.7	6.7
"REPIN1"	6.8	6.3	5.9	6	3.7	5.9	5	7	4.8	4.5	5.6	5.8	5	5	5.7	5.6	4.5	5.5	5.4	5.7	5.5	5.2	2.6	2.6	5.1	4.8	5.2	5	4.6	4.9	5.5	4.5	6.3	4.9	5.4	5.6	6.5	6	6.5	5.3	5.1	5.5	5.4	6.3	5.4	5.4	4.5	6	3.2	6.8	6.9	6	6	5.3	5.9	5.5	3.9	5.1	5.5	3.8	6.9	5.3	5.1	3.7	6	4.5	4.7	6.1	6.2	6.5	6.1	6.1	6.7	4.9	6	4.8	5.4	4.6	5.8	4.7	6	5.9	5.7	6.5	6.4	5.2	5	5.9	6.3	5.4	6.8	4.8	5.6	5.2	6.5	3.8	5	4.9	5	5.7	4.2	7	4.1
"RGS20"	6.8	5.8	5.1	5.7	6.3	7.6	6.2	0	6	6.2	5.1	4.4	5.9	4.3	2.8	6.4	3.5	4.7	6.3	2.8	4.5	3.5	2	3.2	5	6	3.8	3.6	6.3	6.4	5.9	4	2.6	3.8	4.2	7.4	4.2	5	5.5	3.3	5	7.7	4.6	5.7	3.3	3.3	4.1	1	5.6	4.7	4.9	6.4	4.5	5.1	4.6	0	1	5.5	6.1	1	4.9	7.2	6.3	3.8	3.9	5.9	3	2.6	3.2	4.6	6.2	3.8	4.4	6.6	6.2	3.5	6.6	5.3	3.3	6.2	4	5.6	3.7	3.2	6.6	3.9	2.6	2.3	4.6	6.1	7	8.3	6.6	6.7	6.1	6	6.1	6.9	5.3	4.2	6.6	5.4	6.1
"RPA2"	7.6	6.6	6.9	6.7	6.2	7.3	6.9	7	6.6	5.8	7.4	6.5	6.9	6.2	7.4	7.3	6.1	8	7.7	6.4	5.7	6.1	4	5.4	6.9	6.1	5.9	5.7	5.8	7.2	7.5	5.9	6.1	5.9	6	7.6	8.4	7.9	8.1	5.7	6.1	7.7	6.3	7.1	8.1	5.6	7.3	6.5	6.2	6.9	8.2	7.8	7.4	8.2	7.2	6.6	5.2	6.7	7.4	5.8	7.6	6.8	6.7	5.8	5.8	5.8	5.6	6.1	6.4	8	7.3	7.8	6.4	8.4	7	6.4	7.4	5.8	6	7.8	7.2	6.7	7	6.3	7	7	5.9	7.2	8.7	6.6	7.9	7.8	7.5	6.8	8	5.4	7.5	7.6	7.3	6.6	7.4	7.7	6.7
"RRAS2"	8.9	6.9	9	7.1	8.1	8.3	7.9	7.2	8.2	7.1	8.2	6.8	7.4	6.2	8.4	8.9	6.8	7.3	9	6.4	6.3	7.1	5.6	4.5	6.2	7	6.4	5.8	8.5	9.9	8	5.5	6.1	6.5	7.2	7.9	7.5	8.1	7.9	5.9	5.8	8.7	7.3	7.5	8.2	6.6	6.5	6.9	7.1	7.9	9.1	8.6	7.2	8.4	7.7	6.3	4.6	7.8	8.6	6.3	7.4	7.9	8.1	5.6	7.4	6.3	5.9	6.1	6.3	7.7	8.9	8.2	7.9	9.2	7.8	6.2	8.4	6.6	6.5	8.9	7.4	7.9	7.5	7.2	7.6	8	6.6	8.5	9.6	9.2	9.1	9.8	8.7	9.4	9.5	8.9	8	8.9	7.7	7.2	9.5	8.4	8.8
"S100A4"	9.2	8.9	10.7	9	8.2	9.4	8.2	10.3	8.2	8.9	9.3	8.7	7.6	6.1	8.2	9.5	7.3	7.4	9.6	8.3	5.2	7	5.5	6.8	7.1	7.8	7.9	8.4	8	8.6	10	7.7	6.8	7.9	8.6	8.8	9.4	9.6	8.6	8.3	7.7	9.3	7.4	8.5	8.6	6.7	7.7	5.8	8	9.1	10.2	9.5	9.1	9.1	8.7	8.1	6	7.8	10	6.8	10.2	7.7	9.8	7.5	7	7.7	8.8	9.1	8	9.4	9.4	10.2	9.3	8	9.2	7.3	8.8	7.7	7	9	9.9	10.2	8.4	8	8.9	8.7	8.7	8.8	10.3	10.2	10.2	8.9	8.3	9.5	9.4	7.9	9.2	9.1	9.3	9.4	9.3	10.2	8.4
"SASH1"	7.1	5.6	4.9	6.7	5.8	6.6	5.8	7.6	5.7	6	6.9	7.1	6.2	3.9	6.1	6.6	4.6	7.1	6.3	6.4	5.6	5	3.5	3	5.6	5.2	5.7	5.8	5.6	7.2	8	4.2	5.3	4.5	5.6	7	7.6	7.3	6.9	5.9	6.7	8.3	5.9	5.8	6.9	5	7.5	6.6	5.8	7.5	8.2	7.1	7.8	6.6	7	6.2	3.6	7.4	6.8	4.1	7.3	7.1	6	5	6.6	6.3	6.5	6.3	6	7.7	7	8	6.9	7.2	6	6.8	6	5.8	5.1	6.9	7.7	5.8	5.9	6.2	7.9	5.8	6.1	4.8	7.9	6.8	8	6.9	6.3	5.4	7.8	4.2	7.6	6.8	6.7	6.1	7.6	7.5	7.4
"SELENBP1"	7.4	4.5	5.7	5.6	5.2	5.5	4.5	8	4.8	3.5	5.6	5.9	5.2	4.6	7.7	5.3	3.9	6.7	5.2	6.3	3.6	4.1	4.4	3.6	4.6	4.4	5.7	5.8	3.5	5	7.6	5	3.8	4.8	5.1	4	6.9	6.1	5.6	4.7	4.5	5.4	4.9	5.8	6.8	4	7.5	4.2	5.4	5.1	8.5	5.6	7.5	7.9	5.8	7.2	4.6	4.7	6.7	3.9	6.7	4.5	5.9	3.5	3.5	4.4	5.7	5.3	6.2	7.2	5.2	7	5.4	4.3	6.4	5	5.9	3.2	5.3	5.2	6.7	4.5	5.7	6.4	6.3	5.8	6.1	5.7	6.6	6.4	6	5.6	5.2	5.2	6.3	4.3	5.1	5.1	5.2	5.9	4.7	7.2	5
"SELL"	6.2	6.7	4.8	7.3	4.8	6.1	6	4.8	5.9	4.4	6.8	7	5.4	4.8	5.5	6.8	5.9	6.4	6.8	7	4.4	4.4	3	4.1	5.2	7.1	4.8	4.9	5	5.2	7.3	4.5	4.2	8.9	9.7	6.6	7.6	7.5	6.6	5	5.2	7.9	5	6.3	5.6	3.6	5.6	4.1	4.7	6.9	5.3	8.1	6.1	5.9	8.1	5	3.6	4.2	7	4.1	9.7	6.4	7.1	4	4.7	4.4	7.6	7.2	7.6	9.3	5.9	7.9	5.4	5	7.4	6.5	7.9	5.6	6.6	7.3	6.6	6	6	5.1	7.2	8.4	4.9	6.7	6.8	6.4	10.3	6.4	5.7	5.5	7.3	6.5	6.9	6.2	6.2	6	6.5	9	7.7
"SEMA3C"	9.1	5.9	8.9	7.3	8.1	9.3	8.2	8.5	8.2	6.6	7.8	6.7	7.8	6.9	9.6	7.1	5.1	6.2	8.9	5.8	6.5	6.1	6.2	5.4	5.2	7.4	6	6.7	9	7	8.4	7	6.3	6.4	6.9	8	7.1	6.7	6.6	5.8	7.3	6.7	6.4	8.5	8.8	5.7	7.2	3.8	8.4	7.4	8.1	7.1	6.1	7.3	9.1	6.5	5.2	7.8	9.3	6.7	8	7.1	9.4	6.2	7.9	7.6	6.2	6.5	6.1	6.3	8.9	7.9	8.2	8.4	9.2	5.9	8	7.8	5.6	9.2	7	9.6	7.1	6.6	8.1	8.1	7.3	7	8.9	8.6	8	8	9.1	7.8	7.3	7.4	8.1	8.6	8	7.4	9.7	8.8	7.5
"SEMA4D"	6.5	6.8	6.1	6.7	4.3	6.6	5.6	7	5.7	5.4	6.5	6.2	5.6	3.8	5.9	6.5	5.3	6.3	6.8	6.5	4.9	3.7	2.3	4.1	5.5	5.5	4.6	4.6	5.1	6.4	6.7	4.1	5.5	6.3	6.9	6.2	7.3	7.1	6.6	5.8	6.2	7.2	5.2	6.8	6.6	5.8	7	5.8	5.5	7.3	6.9	7	6.6	6.7	7.1	6.2	4	6.1	7.2	4.5	8	6.3	6.8	5.5	6.2	5	6.6	6.1	6.4	7.7	6.2	7.5	6.2	5.9	6.5	6.4	6.7	5.6	6.9	6.8	6.9	6	6.6	5.4	7.3	6.8	5.3	6.1	7.6	7.5	8.8	5.8	5.5	6.3	7.3	5.1	7.6	7	6.5	7	6.2	7.6	6.4
"SLA"	6.3	6.3	4.9	6.3	5	6.1	5	5	5.9	5.9	5.9	6	4.8	4.5	6.7	6.5	6.6	5.9	5.5	6	4.4	3.6	3	4.2	4.6	5.7	5.9	5	5.9	4.5	6.8	4.3	3.6	7.2	7.7	6.2	7.3	7	5.8	5.4	6	6.8	5.5	5.6	5.9	4.1	5.4	3.3	4.8	6.7	5	7	5.9	6.3	6	4.2	4.6	4.7	6.3	4.3	8.1	6	6.6	5.4	4.4	2	7.2	6.2	6.6	7.5	6.1	6.8	6	6	6.9	6.7	6.5	5.7	5.9	7.1	6.4	5.2	7	3.9	6.4	6.1	5	6	6.3	6.3	8.4	6.3	5.5	6	6.3	4.8	5.5	5.1	6.1	5.7	5.2	7.1	6.3
"SLAMF6"	3.8	4.7	3	4.6	2.6	4.2	2	3.2	3.8	2.8	4	4.1	2.8	3.2	3.2	4.2	4.2	4.3	4.5	4.5	2.6	0	2.6	2.3	3	3.2	2.6	3	4.9	3.2	4.4	3	2	3.6	4.5	3.3	5	4.8	3.5	2.6	4	4.5	2.8	4	3.6	1.6	3.3	2.6	3	3.6	3.3	5.2	4.2	4.6	4.6	3	2.8	3.2	4.2	1	6.1	4.5	4.2	2.3	2.3	1.6	4.6	3.7	4.7	5.6	3.3	5.1	3.8	4	4.6	3.9	4.8	2.6	3.7	4.5	4	2.3	4.1	2	4.4	4.2	3.3	4.9	4.2	4.8	7.3	4.8	4.6	3.2	4.8	2.6	4.9	4	3.8	3	4	4.5	5
"SLAMF7"	7.4	8	3.9	7.4	5.8	7.4	6.6	5	7.3	6.1	6.2	7.3	5.6	4.2	6.6	7.2	6.6	6.4	8.1	7.7	3.3	3.5	3.5	3.8	4.3	6	2.6	5.1	6.4	6.2	7.3	4.1	4.5	6.8	7.4	7.5	8.9	8.1	5.4	6.6	6.7	7.7	4.4	7	7.3	3.9	7.8	3.6	7.3	7.8	4.9	8.4	9.5	8.9	8.3	5.7	3.8	5	7	4.3	10	8.1	7.5	5.8	5.7	4.4	8.3	5.1	7.8	8.4	6.2	8.7	5.9	6.6	7.7	8.3	8.5	6.1	8.5	8.3	8.1	5.2	6.6	4.2	8.4	8.9	4.2	9.1	7.7	7.4	9.6	7.6	6.1	6.5	7.5	5.1	8.8	6.8	7.5	5.9	7.1	6.8	8.5
"SLC16A1"	7.6	8.3	8.9	7.2	7.9	7.4	7.6	7.3	8.3	7.5	7.3	6.5	8.1	4.8	6.9	8.8	6	8.5	8.9	3.9	5.5	6.7	4.2	4.6	5.8	7.2	6.6	5.4	6.9	8.1	7.5	4.8	5.5	6.1	6.5	8.2	7.9	7.6	7.1	5.4	5.9	8.7	7.2	7.6	7.4	4.6	5.8	6	7.3	7	8.9	8.2	7.2	7.3	6.1	5.5	5.1	7.5	8	6.2	7.9	8	8.2	4.2	7	6.8	5.8	5.4	5.7	7.1	8.7	7.7	8.5	8.8	7.6	5.6	8.6	6	4.2	9	7.1	8.4	6	5.8	7.9	6.5	5.7	7.3	9.7	8.8	8.5	9.4	9.2	8.9	9	7.8	8.1	8.8	6.6	7.3	9.7	7.8	7.5
"SLC2A1"	11.7	11.2	11.1	10.5	10.6	10.1	10.4	12.3	8.9	9.4	9.1	9.7	10.2	8.3	10.8	11.8	8.7	11.5	12.6	7.8	9.6	10.5	7.1	7.6	9.8	9.1	8.4	7	9.7	9.7	9.8	7.6	9.3	7.6	8.4	10.8	11.3	10	11.3	7.1	7.9	9.9	9.9	10.8	10.4	8.2	10.7	7.2	10.2	8.7	12.7	11.2	10.1	10.8	10.6	9.6	7.7	10.4	11.5	8	9.4	10.6	10	8.5	11.5	9	6.8	6.3	9.9	11.1	12.3	10.5	13	11.8	9	9.6	10.4	9.7	8.9	11.2	8.9	11.4	9	11.7	11.5	10.2	7.2	9	11.9	11.9	10.1	10.9	11.9	11.1	10.9	8.2	11	10.3	10.7	9	11.3	10.2	11.1
"SLC2A9"	7.2	5.9	7.6	5.6	7.4	7.4	5.6	5.9	6.6	8	8.2	6	6.6	5.8	6.8	7.4	6.2	6.8	6.6	4.7	3.8	6.1	3.2	3	7	6.7	6	4.1	6	5.3	6.9	4.8	4.5	5.8	6.5	8.5	6.3	7.5	8.1	5.8	6.6	8.3	7.1	6.7	9	5.6	6.8	5.3	6.5	6.2	7.7	7.6	5.9	7.4	5.8	5.1	3.6	5.9	7.4	3.3	6.9	6.2	5.7	5.9	5.6	5.3	5.2	5.2	5.7	8.2	7.6	7.1	6.3	8.3	6.6	6.1	6.8	6	4.8	8.5	6.8	6.7	7	5.3	6.2	7.4	4.8	4.9	5.5	7.1	7.6	8.3	7.3	6.9	8	6.3	6.9	7.1	6.7	4.6	7.8	6.4	6.6
"SMTN"	7.5	7.1	8.9	7.7	8.6	8.6	9.1	7.8	7.8	8.4	7.5	6.4	8.1	8.2	6.7	7.8	5.8	6.1	7.8	5.9	6	6.3	6.7	5.3	5.9	7.6	7.7	6.7	7.8	7.3	7.7	6.2	6.7	6	6.6	8.6	7	7.9	7.5	6.7	7.8	7.2	6.2	8	7.4	7.3	7.2	5.8	8	7.6	8.5	8.1	6.8	7.7	7.6	6.7	5.6	8.5	8.4	4.8	7.6	8.2	7.9	6.4	5.4	8.2	7	7.7	6	7.4	9.5	8.2	8.1	9	8.1	6.9	8.6	8.8	6.8	7.8	7.3	8.5	5.7	6.7	8.3	7	7.6	5.5	6.8	7.2	7.5	8.7	6.8	6.8	6.7	5.4	7.3	5.9	6	5.7	6.7	6.7	6.2
"SNAI2"	8.6	9.1	9.8	8.9	10	10.1	9.2	7.6	9.7	8.6	9.7	7.7	9.7	7.7	8.1	10.8	7.7	7.5	9	6.4	6.6	6.7	7.1	6.4	7.7	9	9.1	6.9	9.4	9	9.1	7.3	8.7	7.4	8.1	9.3	8.8	9.5	9.3	7.5	8.3	10.1	9.4	7.6	10.2	7.3	7.6	7.3	9.5	8.4	7.8	9.6	7.7	9.1	8.7	7.6	6.7	8.9	10	6.8	8.8	8.9	8.5	7.1	7.3	8.4	8.5	7.6	6.8	7.6	10.2	9.3	9.4	10.5	9.7	7.7	10	7.9	7	9.3	8.7	9.1	6.4	8.4	9.7	8.8	8	7.5	9.9	10.3	8.9	11	10.1	10.3	9.5	8.2	9.1	9.8	8	8.6	9.4	9.2	8.9
"SPARCL1"	8.3	9.3	7.5	8.4	7.7	7.8	8.1	9	8.4	7.7	9.1	7.3	8	5.9	7.6	8.8	6.9	8.2	9.8	8	6.2	5.7	6	6.4	8.6	7.5	8.2	8.8	6.8	9.6	10.2	7.5	8.3	6.6	7	7.6	10.5	10.5	9.9	8.3	7.1	9.2	7.5	8	7.8	6.6	6.6	6.5	5.5	9.3	7.7	8.7	8.5	8.4	8.4	7.2	7.8	7	8.9	7.7	9.6	6.9	8.9	6.5	11.3	6.9	9.2	9.9	8.5	9	9.1	10	7.9	7.3	8.7	6.9	8.5	6.8	7.2	8.5	9.7	8.1	8	9.3	9.6	8.4	8.3	9.5	11	10.2	10.4	8.4	8.7	9.6	9.9	8.1	9.4	8.7	9.9	9.6	8.7	11.9	8.7
"SPRR3"	6.4	5.2	10.8	11.4	3.6	3.5	8.5	3.8	8.6	9.4	11.6	12.5	11.5	2.6	8.5	9.9	4.8	10.8	10.9	11.3	11.5	10.8	0	2.6	8.4	9.6	1.6	2	4.6	12	3	5.5	10.3	5.4	6.3	7.9	10.5	11.1	9.8	8.9	12.5	15.4	10.5	5.1	3.2	8.1	11.8	9.2	7.6	13.1	11.3	11.8	9.9	1.6	11.3	3	0	11.4	8.9	5.8	12.2	11.5	6.6	4.5	8.7	11.9	9.3	6.4	11.7	12	10.7	12.8	10.3	9.2	3.6	11	9.2	10.2	6.6	7.1	12.9	12.3	9.1	4.4	13	6.5	1.6	8	10.4	4	13.2	8.4	4.4	10.1	12.1	5	12.5	12.7	9.4	9.6	13.8	12.1	14
"ST6GAL1"	7	7.7	5.5	7.8	5.2	7.2	6.6	8.8	7.2	6.4	6.8	6.7	6.1	4.9	6.6	6.9	5.9	7.2	7.7	6.9	5	4.2	3.9	4.6	5	5.5	5.5	5.3	5.4	8	8.4	5.5	5.8	7.5	8.1	7	7.9	8	6.6	5.9	5.9	8.2	5.2	7.6	6.8	5.2	7.3	5.9	6.7	7.9	7.3	8.2	9	9.2	7.9	7.5	4.9	7.7	8	5.6	9.5	7.5	7.8	5.4	6	6.1	8.3	6.3	8.6	8.9	6.8	8.3	6	7.6	7.8	7.4	8.1	6.5	7.4	7.5	7.7	6.6	6.5	7.5	8.2	7.9	6	7.5	8.1	7.8	9.7	7.2	6.1	5.4	7.4	5.5	8.2	6.7	7	6.7	6.8	8.5	8.5
"STAB1"	9.3	9.2	8.2	9.3	9.4	10.1	8.7	8.2	9.9	9.7	10.2	9.7	8.8	8	9.3	8.9	8.9	8.4	9.4	9.9	7.1	6.8	7.3	7.7	7.7	9.2	9	9.8	8.3	8.5	11.3	8.1	7	8.9	9.6	9.7	10.2	9.8	9.2	9.5	10.2	9.2	9.1	9.2	9.6	8.4	8.5	7.2	8.4	9.8	8.5	10.8	9.7	10.2	9.4	8.8	7.4	8.1	10	7.1	10.4	8.6	10.2	8.1	9.2	7.5	10.1	10.2	9.6	9.8	9.5	10.8	9.3	8.6	10.6	10.2	9.9	8.7	9.3	10.8	10	9.1	8.9	8.8	10.2	9.8	9.7	9.8	10.2	9.4	11.2	9.5	10.1	9.6	9.4	7.6	9.1	9.4	9.4	8	8.9	10.2	8.1
"STAT1"	13.6	14.3	13.2	11.4	12.4	14.7	12.2	11.4	13.1	11	12.2	11.7	11.9	11.3	12.7	14.4	12.3	13.7	13.9	11.6	10.6	8.8	10.6	10.1	9.9	11.5	9.8	11.3	13	11.7	13.6	10.5	9.3	11.6	12.3	13.7	13.8	12.1	11.4	11.6	12.2	12.7	10.7	12.7	14.2	11.3	12.8	9.7	12.8	11.4	11.2	14.2	12	13.1	12	10	10.8	12	13.3	10	13.4	13.7	11.9	12	12.2	10.9	11.1	10.4	12.8	13.2	12.6	12.7	11.3	13.8	13	11.6	14.7	12.2	12.2	14.1	12.1	11.6	12.3	10.1	11.7	12.7	11.9	13.1	13.1	13.1	15	14.2	11.7	14.4	12.9	13.1	12.4	14.7	13.4	10.9	13.3	12.3	10.9
"SUSD4"	8.2	9.5	9.3	8.5	5.5	6.3	7.6	8.7	5.2	6.7	7.8	8.4	6.8	6.2	7.5	7.9	6.8	10.4	10.2	8.8	8.9	7.9	5.1	0	9.9	6.1	6.2	4.5	4.3	9.5	5.6	4.1	9.1	6.1	6.3	7.5	10.5	9.8	11.3	6.7	6.2	10.2	6.6	8	9.3	8.9	10.4	10	7.9	9.5	10.8	8.6	9.7	7.9	9.6	8.2	7.3	7.6	7.3	7.1	8.4	6.9	6.7	5.9	9.2	7.2	7.7	5.9	8.5	9.7	8.3	10.8	10.4	7.6	4.5	7.9	6.4	7.7	8.9	5	10.7	9.5	10.1	9.9	8.8	8.6	6.8	10.1	10.7	6.1	8.6	8.3	8.1	5.9	11.3	3.7	10.4	7	9.1	8.8	8.4	9.6	7
"TACC1"	10.9	11	9.6	10.7	9.4	11	9.9	10.5	9.7	10.1	10.6	10.7	10.2	8.5	10.8	10.9	9	10.6	12.1	10.4	10.3	7.6	8.2	8	9.3	9.2	10	9.4	9.2	11.2	11.3	9	9.1	9.9	10.5	10.4	11.2	11.1	10.6	9.5	10	11.4	11.8	10	10.1	11.4	9.5	9.9	9.3	11.2	12.9	10.9	10.5	10.7	11.7	9.7	8.4	8.7	10.4	8.5	11.2	9.2	11.1	8	9.7	9.2	10.3	10.6	12.2	10.6	10.1	11.4	10.4	10	10.7	10.5	10.5	10.8	10.1	10.6	10.9	10.5	10.5	10.4	11.6	10.3	10.7	11.7	12.1	10.8	12.1	11.3	11.1	10.9	12.4	9.4	11.2	10.2	11	10.8	11.3	11.6	10.4
"TGFBI"	12.4	12.3	12.8	12.6	15.3	15.8	14.7	13.5	14.1	13.4	15.1	11.9	13.6	10.3	12.6	12.4	10.2	9.7	14.1	10.9	10	8.3	12.1	11.3	10.8	13.4	12.8	12.8	13.9	11.8	14.5	12.5	11.1	11.5	12.3	13.4	12	13.1	12.2	13	13.8	15.1	12.3	12.7	12.8	11.1	12.2	9	14	12.2	12.5	15.1	11.5	12.9	13.6	12.4	11.2	13.9	14.8	10.1	12.2	12.5	14.7	11.8	11.3	15.5	13.2	12.3	10.7	12.1	14.5	13.3	12.6	14.5	15.3	12.4	16.7	11.8	10.7	13.5	12.5	13.9	10.7	12.6	12.8	12.3	12.5	12.6	12.9	15	14	18.3	13.5	11.8	12.1	14.2	13	13.8	13.1	12.1	14.3	13.3	13.3
"TGFBR2"	10.3	10.1	8.9	10.1	11	11.4	11.2	10	10.8	10	11.1	10.2	10.2	8.4	10.1	11.1	9.5	9.2	12.6	9.9	7.7	5.4	8.5	8.8	8	10.5	9.5	10	10.6	9.7	12.1	8.9	7.7	10.6	11.2	10.1	10.7	11	9.3	9.8	10	10.7	9.4	10	9.9	8.4	8.6	7.8	10.8	11	9.6	11.5	10.3	10.7	11.4	9.5	8.2	9.8	10.6	8.5	11	10.6	11.2	9.1	9.7	10	10.8	10.4	10.1	11.1	10.9	12.1	10	10.4	11	9.8	11.2	9.7	9.5	11.7	11.6	10	10.2	9.7	11.1	11.8	10.6	11.1	11.5	10.9	12.8	11.1	11.4	11.2	10.4	9.9	10.4	11.2	10.7	9.7	10.1	11.6	10.1
"TLR7"	6.5	5.2	4.2	5.6	5.1	6.8	5	4.9	5.2	4.3	5.9	6.4	5.4	3.3	5.5	5.8	5	5.3	6.3	6.3	4	4	3.9	2.8	3.9	5.6	3.9	5.2	4.6	5.4	7.5	4.7	3.9	6.1	6.9	5.3	7.5	6.8	5.2	5.8	5.7	8.1	5.3	4.5	6.4	1.6	6.4	3.6	5.2	6.5	4.8	7.6	6.2	6.6	6.8	4.9	3.5	5	6.4	3.7	6.6	5.8	6.1	4	5.8	5.1	5.6	4.6	6.5	6.9	4.3	7.5	5.1	5.3	6.1	5.5	6.3	3.8	6.7	6.9	7.1	5.3	5.8	4.8	6.4	7.3	5.6	6.8	7.8	6.2	8.8	6	6.5	6	6.4	4.8	6.7	6.6	6.5	5.2	6.8	6.5	6.4
"TMEM176A"	7.9	7.7	6	7.8	7.5	8.2	6.8	8.1	7	6.6	8.8	7.3	6.5	5.7	7.8	8	6.6	6.6	6.9	7.7	4.5	3.9	5.9	5.9	5.5	7.4	5.9	7.1	7	7.1	9.3	5.2	4.4	7.1	7.5	7.5	8.6	8	6.3	7.9	7.3	7.9	6.5	7.5	8.2	4.9	6.6	5	7.9	8.5	6.2	8.1	7.2	8.4	8	7.8	5.8	6.4	8.5	5	8.5	6.8	8.9	6.5	7.6	5.8	7.9	7.9	7.7	9.1	7	9	7.7	6.3	9.2	8.3	8.4	6.1	7.4	9	8.6	7	7.4	6.4	8.4	8.2	7.3	8.2	9.5	9.3	10.1	8.5	8.4	7.3	8.9	7.1	7.7	8.1	8.5	8.4	7	8.9	7.1
"TMUB2"	10.3	9.2	9.9	9.8	9.5	10.4	9.5	9.6	9.4	9.1	9.9	9.4	9.8	8.1	9.3	10.3	8.4	9.7	9.8	9.3	8.5	8.7	6.8	6.5	8.9	8.3	8.4	8.3	9.4	9.9	10.1	7.5	8.4	7.9	8.8	9.7	10.2	10	10.3	8.3	9.2	10.4	8.8	9.6	10.7	8.5	9.5	8.2	9.6	9.8	10.3	10.3	9.6	10.2	9.8	9.6	6.8	9.6	10.1	7.5	10.3	9.4	9.8	7.9	9.3	9.1	9.5	9.1	9.3	10.3	10.2	11.1	9.3	10.4	9.8	9.3	9.7	8.8	9	10.5	10.6	9.8	9.3	9.3	10.1	10.4	8.8	9.4	10.7	10.2	10.8	10.7	10	10	11.2	8.6	10.4	9.7	9.9	9	9.9	10.2	9.1
"TNFAIP2"	11.5	10.3	11.3	12	8.8	9.9	11.6	10.6	9.7	9	10.5	11.1	10.2	8.3	12	11.6	9.9	12.5	10.5	9.7	10	9.8	8.1	8.2	11	9.1	10	9.5	10.3	10	10.8	8.4	10.1	10	10.5	11.3	12.7	11.5	12.3	9.9	10.4	10.7	10	10.8	12.8	10.6	11.6	9.2	10.6	10.8	11.6	10.4	11.7	10.8	11.8	10.5	10.2	11	11.7	11.7	13.3	10.1	12	9.5	10.2	9.8	11.3	11.6	11.5	13	10.5	12.3	12.3	10.2	10.7	11.7	10.1	10	12.3	11	11.4	10.8	10.4	10.4	13.5	11.4	9.8	10.6	11.2	10.3	11.7	9.3	9.7	10	11.7	8.7	11.2	10.2	11.1	12.2	10.3	11.8	9.5
"TNFRSF12A"	9.9	8.1	10.3	9.5	11.1	11.3	10.3	7.3	9.9	9.1	9.7	8.3	9.5	9.7	9.7	10.6	7.8	9.6	9.8	7.1	8.2	8.8	8.7	8.2	8.6	9.8	9.6	8.8	10.3	9.3	10.3	9.3	7.7	8.8	9.5	10.3	9.6	10.6	10	8.7	9.8	10	8.5	10.9	9	9	8.5	6.7	9.8	9.7	7.9	10.3	9.3	9.4	9.5	8.6	7.3	10.2	9.6	7.5	8.6	9.7	11	8.4	8.2	10.1	8.6	9.6	8.7	10	10	10.4	9	10.5	10.7	9.3	11	8.6	8	10.7	10.1	10.3	7.4	8.6	9.6	9.5	9	9.7	8.2	9.8	10.1	11.2	9.8	9.8	8.2	9	8.7	8.8	9.3	8.8	9	9.2	9.1
"TNFRSF17"	6.2	7.7	3.7	7.1	3.8	5.4	5.5	3.3	7	3.3	4.8	6.3	3.3	3.2	4.5	5.4	4.8	5	7.1	6.9	2.6	2	2.3	2.8	4.1	5	2.6	3.6	4.5	5.8	4.7	4	5.2	5.9	7	5.2	7.5	7	4.4	3	5.1	6.7	3.6	6.9	4.1	2.8	6.3	3.2	4.2	7.3	5.2	7.3	9.1	8.2	7.5	5.2	2.6	2	5.4	3.6	10	6.7	4.5	2.3	4	3.6	8	3.7	6.3	7.6	5	7.9	5	4.2	6.3	6.5	7.1	5.2	7.3	6.5	7.7	3.3	5	3	7.5	7.8	3.6	7.8	6.4	5.5	9.2	4.8	4.5	4.7	6.8	4.2	8.9	5.3	6.4	5.6	6.3	6.2	8.5
"TNFRSF1A"	11.2	11.2	11	11.1	11.1	11.8	10.6	10.3	11	11.5	11.2	10.7	10.8	10	10.8	11.7	9.8	11.2	12.1	9.8	10.7	10	8.8	8.3	10.2	10.5	10.5	9.6	10.4	11.8	11.4	9.3	10.3	8.9	9.4	10.9	11.1	11.7	11.6	9.9	10.6	12.5	10.5	11	11.3	10.3	10.8	9.8	11.1	10.8	10.9	12.2	11	11.4	11.2	9.9	9.1	11.4	11.5	8.8	11.4	11.2	11.5	10	10.6	11.1	11	11	11	11.1	12.2	12.1	11.7	12.2	11.4	10.4	11.4	11	9.9	12.3	11.4	11.2	10.5	10.5	12	11.2	10.6	10.6	12.1	12.5	12.2	12.7	12.1	11.6	12.7	10.4	11.8	12.2	11.7	10.8	11.7	12.4	10.9
"TPBG"	11.4	9.7	13.1	9.8	11.4	11.8	10.7	10.2	10.9	10.9	10.7	9.6	10.8	7.8	10.5	11.2	8.6	11.2	12.8	8.7	9.5	9.9	7.6	7.3	9.6	9.8	10.5	9.2	12.1	11.3	11.5	9	9.2	8.1	8.7	10.8	11.2	11	10.9	8.8	9.9	11.7	8.8	10.9	11.8	9	10.6	9.8	10.6	10.8	10.5	11.8	9	10.9	10.5	10.1	8.5	10.9	11.6	8	9.9	10.5	10.6	9.5	10.5	9.5	9.8	9.9	9.4	10.7	11.3	10.9	11.8	11	11.8	9.5	11.9	9.3	8.6	11.9	10.4	10.9	8.2	9.7	10.5	10.3	9.5	10.1	12.4	12.5	11.6	12	10.6	12.5	12.7	11.2	11.3	11.6	10.8	10.1	11.4	11.6	9.9
"TRAF3IP3"	8.1	7.6	5.5	8.4	5.8	8	6.4	6.4	7	6.1	8	8	6.3	6.6	6.9	7.3	7.1	7.6	6.8	8.5	5	4.3	5.2	5.7	5.5	7.6	5.6	6.7	6.8	5.5	8.3	6.2	5.4	9	9.7	7.7	9	8.6	6.7	7.5	7.8	7.5	5.3	6.4	7.6	5.6	6.8	5.2	6.1	7.9	5.6	8.7	7.8	7.9	8.4	5.8	5.3	5.6	7.9	7.5	9.2	7.4	8.2	5.8	5.7	6.2	8.1	8.1	8.6	9.2	5.8	8.6	7	7	8.4	8.1	7.9	6.3	8.2	8.2	8.1	6.5	7.3	5.7	8	8.7	7	8.5	8.6	7.5	11.3	7	6	7.2	7.6	5.9	7.2	6.5	7.5	8.2	6.8	8.3	7.2
"TSPAN5"	6.8	7.4	10.3	8.6	9.5	10	9.5	11.1	8.1	8.3	8.6	8.9	7.1	6.2	6.5	8.8	6.4	9	9.8	7.1	7.1	9.2	5.5	5.9	7.5	9.3	8	7.2	9.8	8.7	9.2	7.2	7.6	7.9	8.3	9.7	8.5	9.9	8.9	7.8	8.2	10	7	9.3	8.8	7.9	7.6	6.5	9	8.5	9.8	8.9	8.2	7.8	9.5	8.9	5.3	10	9.3	5.8	8.9	9.1	8.3	6.3	6.6	8.1	7.7	7.7	8.4	9.2	8.4	9.4	8.6	7.8	9.2	7.5	9.7	7.4	7.2	10	9.1	9.1	8.5	9	9.1	8.6	7	8.1	9.9	9.5	10.2	11.1	9.6	9.7	9.6	8.7	8.8	8.9	8.2	7.3	9	9.2	8.8
"TUBB3"	8.2	5.4	8.2	6.8	8.2	8.7	8.2	7.7	8	7.4	7.9	6.4	7.9	8.7	7	7.2	5.4	7.2	7.3	5	5.8	6.7	5.9	5	5.2	7.9	6.1	5.8	6.4	7	7.2	6.2	4.9	6.7	7.2	8.6	6.2	6.7	6.4	5.5	6.9	7.3	5.9	8.8	4.9	2.6	5.2	5.4	6.6	7	8.2	8.7	5.9	7.3	8.2	7.3	5	8.7	7.9	5.8	6.6	8.6	7.8	6.7	5.2	7.3	6.4	5.9	6	6.2	7.3	8.6	8.1	7	7.6	6	7.6	6.5	5	8.1	7.7	9.9	5.9	6.3	7.3	8	6.1	5.6	6.1	7.8	6.4	7.8	6.2	5.7	6.6	6.1	7.6	6.5	5.7	5.1	6.7	7.4	6
"UBA7"	10.3	9.7	9.5	8.9	8.5	10.3	9	8.6	9.3	8.6	9.5	9.2	8	7.6	9.6	9.5	8.1	10.2	9.4	9.6	7.3	6.7	7.2	6.7	8.2	8.3	7	8.4	8.9	7.4	10.2	7.5	7.5	8.6	9.3	9.6	10.8	10.1	9.8	9	10.1	8.9	8.8	8.4	10.7	8.8	9.3	6.1	9.2	9	10	10.4	9.5	10	9.1	7.3	7.7	8.1	9.4	5.6	10.7	9.4	9.2	8	8.4	8.1	8.8	9.3	9.9	10.3	7.9	9.7	8.6	8.7	9.6	9.2	10.5	9.1	9.5	10.2	9.3	8.2	9.4	8.8	9.2	8.9	9.4	8.6	9.6	9.5	11.8	9.4	7.5	9.4	8.8	7.7	8.8	9.5	9.3	8.7	8.8	9.5	7.5
"UBE2J1"	11.2	10.7	9.7	10.4	8.6	10.9	9.5	10.8	9.9	9.7	10.6	9.9	9.5	7.9	10.3	10.5	8.7	10	11.1	9.8	8.5	8.1	7.1	6.9	8.6	8.9	9.5	8.6	9.7	11	10.7	8.1	8.2	9.2	10	10	10.8	10.8	10	8.4	9.1	11.4	9	10.2	10.5	8.6	10	9	9.4	10.8	10.6	11.2	11.1	11.3	10.6	9.9	7.6	9.5	10.8	7.9	12.1	9.7	10.7	8	9.7	8.7	10.8	9.8	9.9	11.2	10	11.4	10.2	10.3	10.6	10	10.5	9.2	9.8	10.1	11.1	10.6	9.9	9.8	10.9	10.9	9.2	10.4	12.3	11.3	12.4	10.5	10.3	10.8	11.8	9.6	11.8	10.8	10.3	10.5	11.1	11.6	11.8
"VEGF"	13.6	12.1	13.4	12	12.2	10.9	11.7	13	12.1	11.6	10.1	9.3	11.8	10.2	11.9	12.3	9.2	12.3	12.9	11.3	11.5	11.3	8.3	7.7	11.6	10.1	11.6	10	12.4	14.4	12.5	9.4	12.6	8.9	9.5	11.4	13.3	12.6	13	11	11.6	12.4	10.6	12.3	11.8	11.4	12.9	11.7	10.4	11.2	13.7	11.6	11.5	14.2	11.3	12.2	8	11.5	10.7	10.7	11.3	10	11.8	9.8	11.7	10.7	10.6	11.1	11	13.1	11.7	11.2	13	12.7	12.5	11.5	12.3	10.8	11	12.4	10	13.2	9.6	11.8	12.4	11.5	10.5	11.3	14.6	11.8	12.2	12.1	12.2	13	13.8	11.7	12.7	11.3	12.9	13	12.1	12.3	12.1
"VEGFC"	7.6	7.5	11.1	7.5	11.2	12.3	10.9	6.8	12.4	8.1	9.3	7.2	9.5	8.2	7.7	9.7	6.2	6.3	11.2	6.9	5.4	4.5	7.2	6.6	6.8	10.2	8.6	9.4	12.2	7.1	11.8	9.2	5.8	8.5	9.2	10.3	9.1	9.9	8.1	8.2	10.5	11.6	6.6	9.5	6.8	5.6	6	5.9	9	8.4	7.1	10.4	7.3	7.9	8.2	7.2	6.6	9.1	10.9	5.6	8.4	10	8.2	8.4	7.6	6.6	8	8.6	7.6	8.2	8.3	9.2	7.4	8.8	11.3	7.4	12.7	8.8	6.4	11.4	9.1	8	6	6.8	8.2	7.5	8.2	7.5	8.7	10	11.3	13.4	9.5	10.5	9	11.1	8.4	9.6	8	7.9	11.4	9.2	9.2
"VIM"	13.6	13.6	12.1	13.5	14.5	15.3	13.9	12.7	14	13.1	14.8	13	13.9	11.8	13.4	14.4	12.7	12	14	12.8	10.3	9.5	12.2	12.2	11.5	13.7	14	13.8	13.8	12.8	15.2	12.7	10.7	13.4	14.1	13	14.2	14.3	12.8	13.6	13.1	14.2	13.1	13.4	13.1	11.3	11.2	11.8	14.1	14.8	12.1	14.6	13.4	14.4	13.9	13.5	12.1	13.3	14.5	12.8	14.7	12.7	15.4	11.9	12.9	12.3	14.3	14.1	13.2	14.2	13.7	15.3	13.3	11.8	15.3	13.2	14	11.4	12.2	14	15	14.2	13.3	13	13.9	13.9	14.2	13.9	14.8	14.8	14.8	15.9	13.7	13	13	13.2	13.2	13.2	13.2	13.8	12.4	14.6	12.6
"VNN2"	7.3	7.8	6	7.8	5.2	5.5	6.3	5.8	6.8	7.4	6.6	6.3	6.2	5	7.7	8	6.2	7.1	7.4	7.2	4.7	6.4	4.2	4.8	6.4	6.7	7.6	5.2	6.2	6.5	6.9	4.8	4.5	8.2	8.9	6.5	7.6	8.2	7.5	5.1	5.5	9.1	5	7.6	5.5	4.6	6.7	4.6	5.9	7.7	5.7	7.6	7	6.9	7.5	5.7	4.4	5.5	7.1	5.7	10.3	6.7	7.4	5.2	5.7	5.3	10.4	8	7.4	9	6.8	8.1	6.3	5.8	7.6	8.8	8.5	6.1	6.5	6.7	6.6	6.7	7.8	4.7	8.4	8.4	5.4	7.7	7	6.6	9.2	6.9	7.1	6.3	8.1	7.5	8	7.3	6.9	8.1	8.7	9.1	8.4
"YIF1A"	10.9	10	10.5	10.4	11.1	11.1	10.7	10.2	10.5	9.8	11.2	9.3	10.3	10.1	10.3	10.9	9.6	9.1	10.5	9	8.9	8.8	7.7	7.7	9.5	9.9	9.5	9.3	10.2	9.7	10.8	8.8	8.3	8.8	9.5	10.8	10.4	10.6	11	8.7	9.5	10.7	10	10.7	10.2	9.3	9.9	8.3	10.3	10.2	11.2	11.1	9.8	10.3	11	9.5	8.4	9.6	10.9	8	10.3	9.9	10.8	8.8	9.7	10.2	9.3	9.6	9.4	10.6	11.3	11.7	10.9	10.7	10.7	9.6	10.8	9.8	9.7	11.6	10.9	11.4	9.6	10.1	11	10.7	9.1	9.6	10.1	10.6	10.2	11.7	10.7	9.4	10.8	9.3	10.7	9.7	9.5	9.4	10.4	10.2	10.1
"ZAK"	9.6	9.9	10.6	9.7	10.3	10.8	11.1	10.8	10.7	9.8	10.2	8.7	10.2	9.2	8.6	10.7	8.5	9	10.9	8	7.5	7.3	7.1	7	8.2	10	9.4	9.1	9.9	9.8	9.8	7.8	8.7	7.9	8.6	10.2	9.3	9.8	9.6	8.1	8.6	10.7	9.2	10.2	10	7.8	8.4	7.5	8.4	10.2	8.5	10.7	9.4	9.8	9.7	8.5	6.6	10.4	10.8	8.9	10.2	9.6	10.2	9.3	9.5	8.9	8.8	9.2	8.2	9.7	10.8	10.1	10.4	10.8	10.5	8	10.8	8.5	8.6	10.2	9.1	9.5	9.6	9.7	10.3	10.8	8.9	9	10.7	10.2	10.2	12.2	10.6	10.5	11.1	10.2	10.4	10.2	9.9	9.5	10.4	10.3	8.6
"ZBED2"	6.2	9.3	9.3	7.6	9.2	10.3	9	8.9	9.6	8.4	7.8	5.8	6.8	4.3	5.2	10.7	5.7	5.4	9.9	6.8	6.6	5.8	4.6	4.3	6	7.4	7.3	5.7	8.2	8.2	9	6	8	6.3	7.2	8.8	7.4	7.1	6.7	6	8	9.9	4.9	9.1	5.2	3.3	6.4	4.2	8.1	7.5	6.5	8.2	7.1	5.8	7.6	7.2	4.5	7.9	8.3	4.4	7	7.2	8.6	6.7	6.7	10	5.8	4.2	7	6.2	9.7	9.1	8.7	9.9	9	5.3	8.4	8.9	5.8	8.6	7.9	9.5	5.3	5.9	8	6.8	4.7	5.5	7.4	8.9	9	10.7	8.9	9.2	6.1	9.4	9.4	6.9	5.7	5.6	9.2	8	10.1
"ZDHHC11"	7.4	7.9	7.9	6.8	3.7	4.9	4.3	6.1	5.8	3.9	8.5	8.8	5.8	5	6	9.2	7.6	8.6	8.4	6.8	8	8.4	3.5	4.4	8.4	5.4	5.2	5	4.2	9	5.8	4.8	9.2	4.1	4.8	6.9	7.1	6.7	9.8	5.5	5.9	6.6	6	4.2	6.1	7.2	7	7.3	5.7	8.1	9.7	8.3	8.2	8	8.3	6.7	4.9	5.5	6.6	3.3	7.4	7.3	5.2	5.6	8.2	7.4	5.7	4.9	7.7	7.1	9.2	8.4	10.4	7.6	5	7	5.8	4.9	6.2	6.8	7.6	7.1	6	8.2	6.8	6.3	7.1	4.6	7.3	6	6.4	4.7	8.7	7	10.3	3.6	8	5.6	7.5	5.9	6.9	7.7	5.4
